425.559265
425.277241
422.467514
440.82611
484.39129
474.030475
450.787572
421.924885
448.399099
424.818008
418.498581
473.334601
430.364396
435.816153
423.81695
425.11182
473.922699
544.771506
402.02249
425.290896
430.2988
433.607522
435.315898
437.106897
498.760109
550.772446
415.736736
437.94019
430.32421
441.30421
453.000367
439.553864
443.389979
481.408743
549.382531
407.89943
416.438896
467.562409
433.566846
424.992563
421.919591
432.364045
427.580755
467.040022
542.656995
406.531299
433.177529
426.339335
443.29934
461.454508
436.604838
458.199722
484.767518
553.09968
410.795207
449.284038
457.868308
438.932587
438.601855
451.181354
495.263518
549.252614
411.700062
412.955307
440.125219
435.824347
446.785823
452.996591
452.193619
507.872033
557.607331
415.156424
445.240913
438.788323
437.374196
429.516657
451.864985
435.323072
480.710349
557.838317
416.067165
453.590063
438.426464
457.19686
447.788962
452.644828
445.324482
495.293978
548.604392
432.344582
446.201706
441.304872
443.025607
444.695632
427.037973
449.033768
499.597158
542.103494
427.949615
443.549877
