95.654108
106.157361
98.839337
116.348725
97.025006
107.589731
97.602593
100.333738
113.959829
100.085491
104.233096
99.941049
105.81856
102.184729
99.04805
104.549771
121.608212
117.051186
106.915023
104.125066
114.698543
109.269521
94.168918
98.234118
98.367682
105.332674
86.844235
108.00619
103.990698
94.749885
132.12012
86.174488
92.664231
105.586595
101.472785
109.879443
107.535341
95.229896
99.598367
93.917835
114.951505
126.892555
97.127614
101.695842
97.36922
102.312599
105.824251
100.948049
110.12766
111.991951
106.273745
99.60925
100.041333
111.238695
101.207745
91.255548
102.476954
115.846953
105.774502
100.401929
100.246645
107.268571
85.544557
95.158368
107.469138
120.671592
91.572566
96.597465
84.575068
113.212991
87.959422
95.274121
108.371917
102.317178
117.989691
107.401979
84.456435
86.75378
99.193492
86.109779
95.739433
86.899611
112.269769
97.420637
99.435788
110.094389
117.306045
101.141903
104.940474
105.97852
115.187518
95.984631
102.466019
102.426353
116.547843
100.039959
104.016681
102.613466
113.5778
96.675079
