2.8908080743394587e-9
3.751303541563233e-9
3.912885073860639e-9
3.8170349338837174e-9
3.630708635498966e-9
3.424735083569773e-9
3.226805987208524e-9
3.0454892459033514e-9
2.8816925682881376e-9
2.7338224129085967e-9
2.5998361923967858e-9
2.477884392077244e-9
2.366400717732358e-9
2.2640354798734803e-9
2.169586326598461e-9
2.08196630374445e-9
2.0002035676822637e-9
1.9234552005847998e-9
1.851020006602059e-9
1.7823417963609618e-9
1.6546956277281344e-9
1.5952180804856689e-9
1.5384277005096691e-9
1.4325409310568588e-9
1.3833024203350658e-9
1.2918838866861811e-9
1.209329333196135e-9
1.171146548213846e-9
1.1004906854447263e-9
1.0368368640211063e-9
9.795207595589136e-10
9.041617464881111e-10
8.602241046973632e-10
8.207201380866887e-10
7.68626154456155e-10
7.235828965725472e-10
6.840230409287731e-10
6.486771249913478e-10
6.165980161352547e-10
5.870991607242498e-10
5.509102001792193e-10
5.174919814874449e-10
4.86240039601707e-10
4.5689842784724677e-10
4.230145906336149e-10
3.9262385582370903e-10
3.6594932849587843e-10
3.427679883174265e-10
3.188021071340835e-10
3.013964787965697e-10
2.8017681907656644e-10
2.6439629528394435e-10
2.480950012655861e-10
2.3130454695670657e-10
2.1775088588627112e-10
2.0189560522324014e-10
1.894226205849367e-10
1.7703729668808991e-10
1.649085042160723e-10
1.542907393430607e-10
5.594601971823414e-9
7.175034825634035e-9
7.31241903304009e-9
6.9031323723315065e-9
6.3020122749733145e-9
5.6644892195157416e-9
5.0550987113000974e-9
4.49694267816709e-9
3.9953951377035604e-9
3.548993181421731e-9
3.1540236040521127e-9
2.8062086825070557e-9
2.5012044107711896e-9
2.234706499585019e-9
2.0024844765067534e-9
1.8004386388152455e-9
1.624682487347276e-9
1.4716269542564273e-9
1.3380446013492537e-9
1.2211025395354578e-9
1.0277587063449848e-9
9.475487607898793e-10
8.762700876042369e-10
7.55743713122939e-10
7.045332695092528e-10
6.162440035118766e-10
5.425990194388785e-10
5.099870323916455e-10
4.512330550248506e-10
3.9922991496529777e-10
3.5246210911092165e-10
2.9034773607218797e-10
2.5373229835265406e-10
2.2073203311563142e-10
1.777070781397299e-10
1.4198272259390898e-10
1.1297455647159895e-10
9.011548063904364e-11
7.286463656805403e-11
6.063086707914956e-11
5.0855419732494273e-11
4.6638385438848265e-11
4.584898258544628e-11
4.675557788449753e-11
4.867514718172456e-11
5.0622952831890876e-11
5.22059862589881e-11
5.308974795495268e-11
5.289694770286988e-11
5.1823435272816264e-11
4.98974987738003e-11
4.8795202841951685e-11
4.8579862241598564e-11
4.924621703561661e-11
5.007874997344972e-11
5.124189893355269e-11
5.2227441808405745e-11
5.281875202117661e-11
5.250909943497678e-11
5.1662445379981624e-11
5.738775449362311e-9
7.241935785040598e-9
7.219324228839178e-9
6.632682393112519e-9
5.862304392300741e-9
5.0722572009106026e-9
4.329137063319264e-9
3.65559128599334e-9
3.055660304606554e-9
2.526323983911136e-9
2.0623360091229664e-9
1.6579894768312309e-9
1.3076295903517306e-9
1.0057522391097494e-9
7.470261543754762e-10
5.263393386756892e-10
3.3887363081474264e-10
1.8018327291230274e-10
4.625483338320949e-11
-6.646346819192652e-11
-2.402105326942661e-10
-3.0618019854450337e-10
-3.609211815604649e-10
-4.4317232742252974e-10
-4.733787734363561e-10
-5.174571902715587e-10
-5.455773031346171e-10
-5.55425398650025e-10
-5.693928763904716e-10
-5.783212236124904e-10
-5.843249185438061e-10
-5.903302038066022e-10
-5.930612373933999e-10
-5.949469138365905e-10
-5.961554777934028e-10
-5.952266084371249e-10
-5.918798449331455e-10
-5.857972982648564e-10
-5.766945714814532e-10
-5.644469420583363e-10
-5.435103367726606e-10
-5.183461556716234e-10
-4.905195591182086e-10
-4.6153841530693065e-10
-4.2534353880490036e-10
-3.9039936370493024e-10
-3.5763509971957715e-10
-3.2789560509693263e-10
-2.9702661264828077e-10
-2.753401602985138e-10
-2.499629257689526e-10
-2.313632977498358e-10
-2.1200283291024994e-10
-1.922092831735019e-10
-1.7654108687104356e-10
-1.579860083889172e-10
-1.4271213502241294e-10
-1.272720291032583e-10
-1.1274769384979703e-10
-1.0063316839246924e-10
5.795039786503535e-9
7.2523096703017846e-9
7.1511616914750775e-9
6.482098440146573e-9
5.635008066107937e-9
4.776535189325683e-9
3.973513340919717e-9
3.2481108332779456e-9
2.603723986500441e-9
2.0366941406207057e-9
1.541181156499549e-9
1.1109276632537326e-9
7.397623266218835e-10
4.2169096580330423e-10
1.5091504915770595e-10
-7.812254117893929e-11
-2.706619309692932e-10
-4.315460914766776e-10
-5.65159447935307e-10
-6.753975766484166e-10
-8.3892658291528e-10
-8.977094309930227e-10
-9.442023596667877e-10
-1.0075994315967651e-9
-1.0275567384279849e-9
-1.0502322355926585e-9
-1.05651872660851e-9
-1.0555199016101956e-9
-1.048275789984834e-9
-1.0369574454236881e-9
-1.0239324378988979e-9
-1.0039375706872002e-9
-9.91058412734564e-10
-9.786536210413055e-10
-9.60683991762071e-10
-9.429124829409638e-10
-9.246065959000191e-10
-9.05011828598309e-10
-8.834569376097339e-10
-8.594989707769462e-10
-8.236942415421074e-10
-7.841849360019617e-10
-7.423601691679244e-10
-6.996982728900971e-10
-6.469520877817623e-10
-5.962788682932303e-10
-5.488467632789363e-10
-5.056892030063599e-10
-4.6050443874761163e-10
-4.28370438278569e-10
-3.904302261177948e-10
-3.626799416548575e-10
-3.341026457985696e-10
-3.051732940015597e-10
-2.8237080929352336e-10
-2.5548335122226344e-10
-2.33442999960793e-10
-2.110627651812946e-10
-1.8967704505780362e-10
-1.715847506539596e-10
5.8513553930889214e-9
7.277092468757827e-9
7.115715275243835e-9
6.380378582742501e-9
5.469106972717489e-9
4.55156402633867e-9
3.695587796223771e-9
2.9235195732748455e-9
2.2385813619295164e-9
1.6367951423833923e-9
1.1119403821816082e-9
6.573533570253604e-10
2.664463482778457e-10
-6.719213521273032e-11
-3.497720154137242e-10
-5.872499953574281e-10
-7.852489539368547e-10
-9.489738006787077e-10
-1.0831472744069031e-9
-1.1919779898360451e-9
-1.347912411775909e-9
-1.40100601211711e-9
-1.4408399625628469e-9
-1.4887504497623183e-9
-1.5001996509060758e-9
-1.5049908808401043e-9
-1.4929296440883218e-9
-1.4827904244918614e-9
-1.4576396160795803e-9
-1.4292024554368987e-9
-1.400074274692593e-9
-1.3580643414252014e-9
-1.3319633581249339e-9
-1.307451948501412e-9
-1.2732293716275205e-9
-1.2411753864350286e-9
-1.210172086249428e-9
-1.1790921246225717e-9
-1.146933654597587e-9
-1.1129822392351634e-9
-1.0644561376479674e-9
-1.0126406848493321e-9
-9.587844037772791e-10
-9.043496930219596e-10
-8.373499683534772e-10
-7.731260238199043e-10
-7.130567141907289e-10
-6.58342287077185e-10
-6.008369105978175e-10
-5.597204371499796e-10
-5.109889871623013e-10
-4.753825218205261e-10
-4.388920326558069e-10
-4.021162966177946e-10
-3.731826474264279e-10
-3.391273448188178e-10
-3.1126077454726405e-10
-2.829038276212163e-10
-2.556127496848835e-10
-2.3237938518243306e-10
5.594601971823841e-9
7.1750348256341296e-9
7.312419033040104e-9
6.903132372331472e-9
6.3020122749732665e-9
5.664489219515699e-9
5.055098711300073e-9
4.496942678167078e-9
3.9953951377035604e-9
3.548993181421735e-9
3.154023604052119e-9
2.8062086825070615e-9
2.5012044107711933e-9
2.2347064995850223e-9
2.002484476506755e-9
1.800438638815246e-9
1.624682487347277e-9
1.4716269542564281e-9
1.338044601349255e-9
1.221102539535458e-9
1.0277587063449873e-9
9.475487607898822e-10
8.762700876042377e-10
7.557437131229408e-10
7.045332695092549e-10
6.162440035118777e-10
5.425990194388796e-10
5.099870323916459e-10
4.512330550248515e-10
3.992299149652988e-10
3.5246210911092274e-10
2.903477360721891e-10
2.537322983526551e-10
2.207320331156326e-10
1.7770707813973084e-10
1.4198272259390952e-10
1.1297455647159948e-10
9.011548063904448e-11
7.286463656805465e-11
6.063086707914998e-11
5.085541973249434e-11
4.6638385438848193e-11
4.58489825854463e-11
4.6755577884497716e-11
4.8675147181725e-11
5.062295283189129e-11
5.220598625898827e-11
5.308974795495255e-11
5.289694770286976e-11
5.1823435272816316e-11
4.9897498773800496e-11
4.879520284195185e-11
4.857986224159847e-11
4.924621703561636e-11
5.007874997344959e-11
5.1241898933552736e-11
5.222744180840588e-11
5.2818752021176704e-11
5.25090994349768e-11
5.166244537998165e-11
1.460363500438992e-8
2.0761019071321444e-8
2.3436082116936447e-8
2.447015566217575e-8
2.4668000367291865e-8
2.4421851167937253e-8
2.393058922860888e-8
2.3299410404480693e-8
2.258780287456466e-8
2.1832474656018652e-8
2.1058015394005965e-8
2.0281755737300455e-8
1.9516048132785315e-8
1.8769494873685775e-8
1.8047781446823604e-8
1.7354356166478544e-8
1.6691017631551973e-8
1.6058409806262716e-8
1.545641496383644e-8
1.4884443490939231e-8
1.3826959063605013e-8
1.3339324807846356e-8
1.287757123517693e-8
1.2026887175778313e-8
1.1635469853987761e-8
1.0914121967403985e-8
1.0266295978928404e-8
9.966887449228593e-9
9.411411965953821e-9
8.907010507771052e-9
8.44672497385825e-9
7.82666598068079e-9
7.453534157853168e-9
7.108197741274404e-9
6.635508613309883e-9
6.209451376208637e-9
5.823059953717171e-9
5.47107384374577e-9
5.149593062466263e-9
4.8556218040733905e-9
4.5021425457922186e-9
4.187734702235443e-9
3.907506543579487e-9
3.6572753944348204e-9
3.38159001333326e-9
3.1421011790880706e-9
2.933620152288743e-9
2.7507321727461098e-9
2.557805048439033e-9
2.4143582752428732e-9
2.2347035762087223e-9
2.097405398777999e-9
1.9538170788531393e-9
1.808254612446324e-9
1.6950684672010973e-9
1.5674937014286783e-9
1.4696194369538556e-9
1.3740937935679107e-9
1.282019599459515e-9
1.2015594759367297e-9
1.639436968936836e-8
2.3609163735951834e-8
2.6899102695583004e-8
2.828779622805967e-8
2.8682453704439964e-8
2.85332233678255e-8
2.807185631059483e-8
2.7423078273333113e-8
2.665897401238743e-8
2.5825159023474597e-8
2.495298637306015e-8
2.4065120350585977e-8
2.317816515630042e-8
2.2304098047891194e-8
2.1451258532546982e-8
2.0625165066448395e-8
1.9829225211692927e-8
1.9065335864106163e-8
1.8334360885744152e-8
1.7636484884586102e-8
1.633873666545217e-8
1.5737595089006773e-8
1.5167147675535467e-8
1.411418449477338e-8
1.3629328643125332e-8
1.2736401746481537e-8
1.1936692407785668e-8
1.1568337643601353e-8
1.088799326018211e-8
1.0274678422461482e-8
9.71970304337444e-9
8.980550472848645e-9
8.540936637557194e-9
8.137656173159962e-9
7.59098483515041e-9
7.102730998666197e-9
6.662410893160817e-9
6.2620292420440324e-9
5.895686182559158e-9
5.559008864957327e-9
5.150471745614357e-9
4.782235226702592e-9
4.4492150352455825e-9
4.147675150919446e-9
3.811243267742119e-9
3.516545575361781e-9
3.2599589029460964e-9
3.0369424251469797e-9
2.806532971515328e-9
2.6401162525368337e-9
2.438838036057806e-9
2.290243576020618e-9
2.1384187056048155e-9
1.9858325914115933e-9
1.8661048921212018e-9
1.7280298720542488e-9
1.6188841879893855e-9
1.5096113145756542e-9
1.4029859703037901e-9
1.3106654185902184e-9
1.7454604870662228e-8
2.5236783181748266e-8
2.8808761780700166e-8
3.032783167158332e-8
3.0771022017902854e-8
3.0622965775310506e-8
3.013332536096051e-8
2.9436828503959943e-8
2.8611648224994707e-8
2.770745123782659e-8
2.675850048834046e-8
2.5789666056453086e-8
2.4819277422205704e-8
2.3860681220612453e-8
2.2923308785460053e-8
2.2013548320166324e-8
2.113549758101228e-8
2.029159784082511e-8
1.9483138387932193e-8
1.8710631503805376e-8
1.7273099914950428e-8
1.660710408505719e-8
1.597527082960384e-8
1.4810012193658826e-8
1.4274194816488373e-8
1.3289378669103081e-8
1.2410466389688288e-8
1.2006954435781792e-8
1.1264479520308093e-8
1.059895699088938e-8
1.0000499553522778e-8
9.20993898934646e-9
8.743664321827201e-9
8.31863557943074e-9
7.74659438774373e-9
7.23935328140882e-9
6.7842777002324714e-9
6.371704859665714e-9
5.994505519258135e-9
5.647453597515618e-9
5.224929265618087e-9
4.841989050820067e-9
4.4934702646920415e-9
4.175928400332008e-9
3.819563679120437e-9
3.506069886936996e-9
3.2328464284279177e-9
2.9960910891081527e-9
2.753555989996667e-9
2.580723736177662e-9
2.3756012812577664e-9
2.2276178073435125e-9
2.079657281891261e-9
1.9336738904791263e-9
1.820125650430872e-9
1.689033661049033e-9
1.5844832345772986e-9
1.478435420513558e-9
1.3734855137903234e-9
1.2817526094500027e-9
1.842218038799748e-8
2.670356820916075e-8
3.052110543752176e-8
3.215819745979153e-8
3.265302659791089e-8
3.251832469473793e-8
3.201748188885558e-8
3.1292643670431504e-8
3.042654230168238e-8
2.947202723436885e-8
2.8465800453416972e-8
2.743469799323008e-8
2.6398664137695267e-8
2.5372373960088804e-8
2.4366345315766976e-8
2.3387848091317264e-8
2.2441689961667895e-8
2.1530879572942592e-8
2.065715597224695e-8
1.9821384100997475e-8
1.826434020570061e-8
1.7542448052027655e-8
1.685743809738574e-8
1.5594168822911717e-8
1.5013523578155012e-8
1.3947216729567121e-8
1.2997210665715994e-8
1.2561814034452344e-8
1.1762342070245016e-8
1.10480636679803e-8
1.040812805421343e-8
9.566934188413873e-9
9.07332674080613e-9
8.625144526432435e-9
8.02460956884603e-9
7.494460898095736e-9
7.020305434686358e-9
6.591119239527083e-9
6.198772012099452e-9
5.83734401349608e-9
5.396115536031917e-9
4.994553041510379e-9
4.627410959787434e-9
4.2914544944553565e-9
3.912943699553622e-9
3.579053360396046e-9
3.28790657382623e-9
3.0361758289292622e-9
2.7798105606687715e-9
2.598801866031776e-9
2.3867330468810032e-9
2.236128453615518e-9
2.0877427058599027e-9
1.9430954099018423e-9
1.8311185258910527e-9
1.7014982787501534e-9
1.5972968832755707e-9
1.4905662355541947e-9
1.3839782156406384e-9
1.2903714617896008e-9
5.738775449362958e-9
7.24193578504095e-9
7.219324228839405e-9
6.632682393112743e-9
5.862304392300913e-9
5.072257200910778e-9
4.3291370633194335e-9
3.655591285993489e-9
3.05566030460663e-9
2.5263239839111858e-9
2.062336009122991e-9
1.6579894768312588e-9
1.3076295903517511e-9
1.0057522391097518e-9
7.470261543754954e-10
5.263393386757125e-10
3.388736308147571e-10
1.801832729123179e-10
4.6254833383231175e-11
-6.646346819191452e-11
-2.4021053269426134e-10
-3.061801985445006e-10
-3.6092118156046445e-10
-4.4317232742252596e-10
-4.733787734363529e-10
-5.174571902715549e-10
-5.455773031346165e-10
-5.554253986500214e-10
-5.693928763904717e-10
-5.783212236124885e-10
-5.843249185438048e-10
-5.903302038066003e-10
-5.930612373933981e-10
-5.949469138365875e-10
-5.96155477793397e-10
-5.952266084371218e-10
-5.918798449331414e-10
-5.857972982648545e-10
-5.766945714814529e-10
-5.644469420583357e-10
-5.43510336772661e-10
-5.18346155671623e-10
-4.905195591182095e-10
-4.6153841530693107e-10
-4.253435388049009e-10
-3.9039936370492967e-10
-3.57635099719576e-10
-3.278956050969319e-10
-2.9702661264828015e-10
-2.7534016029851376e-10
-2.4996292576895246e-10
-2.3136329774983517e-10
-2.1200283291024924e-10
-1.9220928317350166e-10
-1.7654108687104335e-10
-1.5798600838891694e-10
-1.4271213502241253e-10
-1.2727202910325816e-10
-1.1274769384979694e-10
-1.0063316839246909e-10
1.6394369689371055e-8
2.3609163735950822e-8
2.689910269558355e-8
2.8287796228059564e-8
2.8682453704440152e-8
2.8533223367824967e-8
2.8071856310594563e-8
2.7423078273333024e-8
2.66589740123877e-8
2.582515902347461e-8
2.4952986373060108e-8
2.4065120350585894e-8
2.3178165156300323e-8
2.230409804789109e-8
2.1451258532547002e-8
2.0625165066448336e-8
1.9829225211692887e-8
1.906533586410615e-8
1.8334360885744156e-8
1.763648488458612e-8
1.6338736665452165e-8
1.5737595089006773e-8
1.51671476755355e-8
1.4114184494773384e-8
1.3629328643125336e-8
1.273640174648156e-8
1.1936692407785704e-8
1.1568337643601398e-8
1.0887993260182158e-8
1.0274678422461522e-8
9.71970304337448e-9
8.980550472848658e-9
8.540936637557181e-9
8.137656173159942e-9
7.590984835150392e-9
7.102730998666188e-9
6.662410893160822e-9
6.262029242044048e-9
5.895686182559176e-9
5.55900886495735e-9
5.1504717456143765e-9
4.7822352267026036e-9
4.449215035245584e-9
4.147675150919445e-9
3.811243267742116e-9
3.516545575361779e-9
3.259958902946095e-9
3.036942425146978e-9
2.806532971515325e-9
2.640116252536829e-9
2.4388380360578088e-9
2.290243576020619e-9
2.138418705604817e-9
1.985832591411594e-9
1.866104892121201e-9
1.7280298720542488e-9
1.6188841879893865e-9
1.509611314575654e-9
1.4029859703037895e-9
1.310665418590218e-9
1.9081832718106133e-8
2.820547683256827e-8
3.2878381660870164e-8
3.53191834632907e-8
3.654413206111521e-8
3.706012986064281e-8
3.713375650276951e-8
3.691390006336746e-8
3.649051647953326e-8
3.5922913434324586e-8
3.5253234761699486e-8
3.451289865809759e-8
3.372581851966034e-8
3.2910228359191496e-8
3.2079920879327674e-8
3.12452175067572e-8
3.041377408219198e-8
2.95912455831941e-8
2.8781813998378332e-8
2.798858707321171e-8
2.645943051424139e-8
2.572648621319596e-8
2.5015927941191896e-8
2.3663883803737628e-8
2.302267973762397e-8
2.1808966482739644e-8
2.0683706458763067e-8
2.015267463291486e-8
1.9150175183751823e-8
1.822208698334015e-8
1.736255028539447e-8
1.6189803617082284e-8
1.547827612357935e-8
1.4817462438892456e-8
1.3911675884338867e-8
1.3096206191114717e-8
1.2358815959120647e-8
1.1689042829842405e-8
1.1078105453962013e-8
1.0518598499071507e-8
9.841696272020064e-9
9.23205335523554e-9
8.679011395830124e-9
8.174235882328636e-9
7.601931329330589e-9
7.086961981220156e-9
6.622733446684839e-9
6.203362372789971e-9
5.751889182130041e-9
5.413745222293952e-9
4.9920312101740884e-9
4.6736244252063245e-9
4.345933009144997e-9
4.019945861598219e-9
3.769688790598182e-9
3.4873589709193885e-9
3.2671837938302826e-9
3.0471682699363107e-9
2.8301208433604855e-9
2.6372480346908973e-9
2.0795111466773474e-8
3.105201479940785e-8
3.649275566780328e-8
3.9470435020850734e-8
4.1081071863204357e-8
4.1880873078389576e-8
4.216496981769088e-8
4.209904225448071e-8
4.178386463182655e-8
4.128663112305536e-8
4.0655815115412865e-8
3.992814699967293e-8
3.913202962109939e-8
3.8289454630810945e-8
3.7417323055288756e-8
3.652851199091566e-8
3.56327847194785e-8
3.473755466069035e-8
3.384849725549049e-8
3.297001293687606e-8
3.125786542077226e-8
3.0429093956354666e-8
2.9620915594639066e-8
2.807095929547085e-8
2.733059392690126e-8
2.5920373428626554e-8
2.4603208380322325e-8
2.3978567710501308e-8
2.2794419826841042e-8
2.1692947671068682e-8
2.0668998704888547e-8
1.9267333338565756e-8
1.8415195396185694e-8
1.7623263500180962e-8
1.6537931247492013e-8
1.556212873248643e-8
1.4681824444119194e-8
1.388468070602645e-8
1.316008815751356e-8
1.2498896569456879e-8
1.1702175117428597e-8
1.0987371555371813e-8
1.0340570991423694e-8
9.750747443237548e-9
9.081268000703237e-9
8.476615297642855e-9
7.928224401519988e-9
7.428921266860542e-9
6.886163962934747e-9
6.475660500209542e-9
5.9588513771290545e-9
5.565453483504936e-9
5.158691675917607e-9
4.754114528394455e-9
4.445590332641615e-9
4.102086217078239e-9
3.83881178909276e-9
3.580097284581185e-9
3.3285014143797966e-9
3.1064655916417677e-9
2.2403344516394463e-8
3.365273619634972e-8
3.971211699062529e-8
4.309479211413865e-8
4.4983300717244606e-8
4.59790112397287e-8
4.640173772922302e-8
4.643157331103374e-8
4.6178426900605976e-8
4.5715815045954444e-8
4.509694463476597e-8
4.4362301391568956e-8
4.354337750700164e-8
4.2664757632004485e-8
4.1745542146678785e-8
4.080048470915319e-8
3.984095672846416e-8
3.887575544400661e-8
3.791175218956723e-8
3.695438516420646e-8
3.5076161732514666e-8
3.4161675384780556e-8
3.326682951998698e-8
3.1542711535045636e-8
3.07157028573969e-8
2.9134774603240867e-8
2.7652061123872442e-8
2.694707937753952e-8
2.5607829577674774e-8
2.435934583054565e-8
2.3196965314731077e-8
2.1604168492937537e-8
2.063557596048012e-8
1.9735725700680478e-8
1.850377270381851e-8
1.7398355694680978e-8
1.6403780539360037e-8
1.5505959693873717e-8
1.4692543502268589e-8
1.395271289307865e-8
1.3064306775953098e-8
1.2269853692867137e-8
1.1552611202940003e-8
1.0899239112352411e-8
1.0157296764782732e-8
9.485578321278187e-9
8.873846376485872e-9
8.313955446323378e-9
7.701543520318471e-9
7.235525021109996e-9
6.6453919031519735e-9
6.193943792771094e-9
5.725933784528572e-9
5.260706822579701e-9
4.907527412375562e-9
4.517634445027814e-9
4.222321402712392e-9
3.935820441416406e-9
3.660646920565963e-9
3.419669543286967e-9
5.795039786505376e-9
7.252309670302091e-9
7.1511616914751065e-9
6.482098440146771e-9
5.635008066107687e-9
4.77653518932563e-9
3.973513340919773e-9
3.248110833277905e-9
2.603723986500399e-9
2.0366941406206727e-9
1.541181156499524e-9
1.1109276632537161e-9
7.397623266219135e-10
4.2169096580330764e-10
1.509150491577133e-10
-7.812254117890691e-11
-2.706619309692867e-10
-4.315460914766746e-10
-5.651594479353096e-10
-6.753975766484232e-10
-8.389265829152911e-10
-8.977094309930334e-10
-9.442023596667966e-10
-1.007599431596768e-9
-1.0275567384279845e-9
-1.0502322355926546e-9
-1.0565187266085058e-9
-1.0555199016101932e-9
-1.0482757899848286e-9
-1.036957445423686e-9
-1.023932437898903e-9
-1.0039375706872046e-9
-9.910584127345663e-10
-9.78653621041305e-10
-9.60683991762067e-10
-9.429124829409603e-10
-9.246065959000145e-10
-9.050118285983087e-10
-8.834569376097351e-10
-8.594989707769481e-10
-8.236942415421089e-10
-7.841849360019604e-10
-7.423601691679226e-10
-6.996982728900961e-10
-6.469520877817617e-10
-5.962788682932298e-10
-5.488467632789355e-10
-5.056892030063603e-10
-4.605044387476118e-10
-4.283704382785695e-10
-3.9043022611779515e-10
-3.6267994165485746e-10
-3.341026457985694e-10
-3.0517329400155975e-10
-2.823708092935237e-10
-2.5548335122226354e-10
-2.334429999607931e-10
-2.1106276518129465e-10
-1.8967704505780364e-10
-1.715847506539595e-10
1.745460487066625e-8
2.523678318174191e-8
2.8808761780697807e-8
3.032783167158213e-8
3.077102201790243e-8
3.06229657753105e-8
3.013332536096066e-8
2.9436828503959734e-8
2.8611648224994707e-8
2.7707451237826284e-8
2.6758500488340306e-8
2.578966605645292e-8
2.481927742220551e-8
2.3860681220612287e-8
2.2923308785459702e-8
2.20135483201662e-8
2.113549758101209e-8
2.0291597840825014e-8
1.9483138387932045e-8
1.8710631503805227e-8
1.727309991495031e-8
1.6607104085057084e-8
1.5975270829603788e-8
1.4810012193658784e-8
1.4274194816488344e-8
1.3289378669103061e-8
1.2410466389688264e-8
1.2006954435781765e-8
1.126447952030804e-8
1.0598956990889337e-8
1.0000499553522729e-8
9.209938989346415e-9
8.743664321827157e-9
8.318635579430708e-9
7.746594387743712e-9
7.239353281408809e-9
6.784277700232465e-9
6.371704859665702e-9
5.994505519258129e-9
5.647453597515607e-9
5.224929265618081e-9
4.8419890508200605e-9
4.493470264692036e-9
4.1759284003320005e-9
3.819563679120429e-9
3.506069886936989e-9
3.2328464284279102e-9
2.9960910891081507e-9
2.753555989996662e-9
2.580723736177659e-9
2.3756012812577656e-9
2.2276178073435134e-9
2.0796572818912597e-9
1.933673890479125e-9
1.8201256504308704e-9
1.6890336610490318e-9
1.5844832345772984e-9
1.4784354205135578e-9
1.3734855137903234e-9
1.2817526094500034e-9
2.0795111466766953e-8
3.1052014799409655e-8
3.649275566780601e-8
3.9470435020852997e-8
4.108107186320552e-8
4.188087307839e-8
4.216496981769075e-8
4.209904225448033e-8
4.178386463182618e-8
4.1286631123055096e-8
4.065581511541274e-8
3.992814699967292e-8
3.913202962109919e-8
3.828945463081081e-8
3.741732305528893e-8
3.6528511990915835e-8
3.5632784719478675e-8
3.473755466069051e-8
3.384849725549065e-8
3.297001293687607e-8
3.125786542077237e-8
3.0429093956354765e-8
2.9620915594639132e-8
2.8070959295470864e-8
2.7330593926901247e-8
2.592037342862643e-8
2.4603208380322193e-8
2.3978567710501186e-8
2.2794419826840933e-8
2.1692947671068653e-8
2.0668998704888494e-8
1.9267333338565743e-8
1.8415195396185687e-8
1.7623263500180975e-8
1.653793124749203e-8
1.5562128732486453e-8
1.4681824444119189e-8
1.3884680706026458e-8
1.3160088157513562e-8
1.249889656945687e-8
1.1702175117428582e-8
1.09873715553718e-8
1.0340570991423686e-8
9.750747443237541e-9
9.081268000703237e-9
8.476615297642868e-9
7.928224401519991e-9
7.428921266860542e-9
6.8861639629347495e-9
6.475660500209537e-9
5.9588513771290545e-9
5.5654534835049345e-9
5.1586916759176045e-9
4.754114528394452e-9
4.445590332641617e-9
4.1020862170782425e-9
3.8388117890927585e-9
3.5800972845811814e-9
3.328501414379794e-9
3.1064655916417673e-9
2.3068918206793757e-8
3.5002483527977497e-8
4.170076837232213e-8
4.5673391019549074e-8
4.8102562049288645e-8
4.9587215964390135e-8
5.044907836431668e-8
5.0872834368233685e-8
5.097341861215412e-8
5.082868728717024e-8
5.0495273253487084e-8
5.00163587048942e-8
4.9425676834425747e-8
4.874981431418832e-8
4.800975659129992e-8
4.722206845846163e-8
4.6399853776869755e-8
4.55535397161378e-8
4.469150157238019e-8
4.3820542368341216e-8
4.207323498839668e-8
4.120533786370321e-8
4.0345723357883375e-8
3.866122165970774e-8
3.784008332188529e-8
3.624644655433473e-8
3.4722620666213744e-8
3.398788720374427e-8
3.257336880899185e-8
3.123170728211272e-8
2.9961528368251983e-8
2.818573472573598e-8
2.708445171805212e-8
2.6045809710272856e-8
2.4598232159948918e-8
2.327300881888313e-8
2.2058861684570166e-8
2.094514141902256e-8
1.992206060114745e-8
1.89806487679924e-8
1.7838225599012283e-8
1.680832245651923e-8
1.5875036591748827e-8
1.5024913089198763e-8
1.4062732231250168e-8
1.3196587088089615e-8
1.2412769761119647e-8
1.1699550785925962e-8
1.0922966211510439e-8
1.033274496681309e-8
9.582048648189979e-9
9.001033157054665e-9
8.387531240165485e-9
7.760791369547502e-9
7.269610217910693e-9
6.707657083812807e-9
6.266685246060476e-9
5.827716789600117e-9
5.400288619516268e-9
5.026505430891969e-9
2.5283525804473318e-8
3.874475131494256e-8
4.653881018729861e-8
5.1330533433688404e-8
5.439473988179781e-8
5.638886737993742e-8
5.7668014357235565e-8
5.8435863846547016e-8
5.881928185749757e-8
5.8904830940775575e-8
5.87562889985214e-8
5.842299997531234e-8
5.7944025534491604e-8
5.7350491220527564e-8
5.6667190797432274e-8
5.591386388564987e-8
5.510627516620517e-8
5.4257117802291974e-8
5.3376740238978155e-8
5.247370258509705e-8
5.06272544136231e-8
4.969508779486755e-8
4.8763070608311826e-8
4.691368376306674e-8
4.6001948892126335e-8
4.4214763784148635e-8
4.248516882428039e-8
4.1644300370754965e-8
4.001320721846216e-8
3.8451703922831504e-8
3.696096243140224e-8
3.485753780468502e-8
3.3542397145211564e-8
3.22950123408648e-8
3.054578302750021e-8
2.8934289009723795e-8
2.7450262056363083e-8
2.6083485488577096e-8
2.4824215282343643e-8
2.3663198793628657e-8
2.2252714383996145e-8
2.0981078293306763e-8
1.982983279529064e-8
1.878287637409914e-8
1.760057192109109e-8
1.6538947778534296e-8
1.5580166146740446e-8
1.4708697977923303e-8
1.3759686248798097e-8
1.3037328435179894e-8
1.2115536366854337e-8
1.1398230004363488e-8
1.0635372640618636e-8
9.848588248573646e-9
9.225955614790477e-9
8.506831560135143e-9
7.937572220250944e-9
7.367335464892204e-9
6.810675360664155e-9
6.325266412086214e-9
5.85135539308915e-9
7.277092468756952e-9
7.115715275243582e-9
6.380378582742452e-9
5.469106972717659e-9
4.551564026338617e-9
3.6955877962238334e-9
2.9235195732748045e-9
2.2385813619294916e-9
1.636795142383386e-9
1.1119403821816078e-9
6.573533570253601e-10
2.66446348277877e-10
-6.719213521273983e-11
-3.4977201541373843e-10
-5.872499953574446e-10
-7.852489539368713e-10
-9.489738006787212e-10
-1.0831472744069132e-9
-1.1919779898360505e-9
-1.3479124117759094e-9
-1.4010060121171083e-9
-1.4408399625628347e-9
-1.4887504497623173e-9
-1.5001996509060758e-9
-1.504990880840104e-9
-1.49292964408832e-9
-1.4827904244918577e-9
-1.4576396160795745e-9
-1.42920245543689e-9
-1.4000742746925848e-9
-1.3580643414251977e-9
-1.3319633581249334e-9
-1.3074519485014143e-9
-1.2732293716275246e-9
-1.2411753864350315e-9
-1.2101720862494264e-9
-1.1790921246225686e-9
-1.1469336545975836e-9
-1.1129822392351595e-9
-1.0644561376479663e-9
-1.0126406848493328e-9
-9.587844037772798e-10
-9.043496930219592e-10
-8.373499683534766e-10
-7.73126023819904e-10
-7.130567141907293e-10
-6.583422870771853e-10
-6.008369105978168e-10
-5.597204371499779e-10
-5.109889871622999e-10
-4.753825218205256e-10
-4.388920326558072e-10
-4.0211629661779446e-10
-3.731826474264274e-10
-3.391273448188178e-10
-3.1126077454726446e-10
-2.829038276212169e-10
-2.5561274968488354e-10
-2.3237938518243283e-10
1.8422180387998227e-8
2.6703568209159977e-8
3.052110543752055e-8
3.2158197459790794e-8
3.2653026597910535e-8
3.251832469473781e-8
3.2017481888855516e-8
3.129264367043147e-8
3.042654230168237e-8
2.9472027234368838e-8
2.8465800453416972e-8
2.7434697993230066e-8
2.6398664137695257e-8
2.5372373960088774e-8
2.4366345315766923e-8
2.3387848091317238e-8
2.2441689961667842e-8
2.1530879572942546e-8
2.065715597224692e-8
1.9821384100997425e-8
1.826434020570059e-8
1.7542448052027655e-8
1.685743809738574e-8
1.5594168822911746e-8
1.5013523578155052e-8
1.3947216729567164e-8
1.299721066571603e-8
1.2561814034452369e-8
1.1762342070245039e-8
1.1048063667980314e-8
1.0408128054213438e-8
9.566934188413879e-9
9.073326740806131e-9
8.625144526432433e-9
8.024609568846026e-9
7.494460898095726e-9
7.0203054346863515e-9
6.591119239527076e-9
6.198772012099446e-9
5.837344013496079e-9
5.396115536031921e-9
4.994553041510384e-9
4.62741095978744e-9
4.29145449445536e-9
3.9129436995536255e-9
3.579053360396049e-9
3.2879065738262363e-9
3.036175828929268e-9
2.779810560668774e-9
2.598801866031776e-9
2.3867330468809987e-9
2.236128453615513e-9
2.0877427058598994e-9
1.94309540990184e-9
1.8311185258910525e-9
1.7014982787501534e-9
1.59729688327557e-9
1.4905662355541947e-9
1.3839782156406388e-9
1.2903714617896014e-9
2.24033445164008e-8
3.3652736196346623e-8
3.971211699062642e-8
4.309479211414221e-8
4.4983300717248e-8
4.597901123973111e-8
4.6401737729224686e-8
4.643157331103503e-8
4.61784269006071e-8
4.571581504595543e-8
4.509694463476679e-8
4.436230139156956e-8
4.354337750700199e-8
4.266475763200465e-8
4.1745542146678785e-8
4.0800484709153146e-8
3.984095672846416e-8
3.887575544400671e-8
3.791175218956743e-8
3.695438516420675e-8
3.5076161732515057e-8
3.416167538478095e-8
3.3266829519987324e-8
3.1542711535045815e-8
3.071570285739701e-8
2.913477460324085e-8
2.7652061123872373e-8
2.6947079377539434e-8
2.560782957767474e-8
2.4359345830545677e-8
2.3196965314731163e-8
2.1604168492937646e-8
2.0635575960480193e-8
1.9735725700680507e-8
1.8503772703818507e-8
1.7398355694680974e-8
1.6403780539360063e-8
1.5505959693873757e-8
1.4692543502268643e-8
1.3952712893078696e-8
1.3064306775953107e-8
1.226985369286712e-8
1.1552611202940001e-8
1.0899239112352426e-8
1.015729676478277e-8
9.485578321278208e-9
8.873846376485877e-9
8.313955446323371e-9
7.701543520318468e-9
7.235525021109997e-9
6.645391903151977e-9
6.1939437927710984e-9
5.725933784528577e-9
5.260706822579714e-9
4.907527412375574e-9
4.517634445027816e-9
4.222321402712388e-9
3.935820441416402e-9
3.660646920565961e-9
3.4196695432869693e-9
2.528352580443143e-8
3.8744751314936376e-8
4.6538810187287954e-8
5.133053343368239e-8
5.439473988179268e-8
5.638886737993637e-8
5.766801435723427e-8
5.843586384654545e-8
5.881928185749597e-8
5.8904830940774364e-8
5.875628899851983e-8
5.842299997531191e-8
5.794402553449139e-8
5.7350491220527504e-8
5.666719079743226e-8
5.5913863885649834e-8
5.510627516620508e-8
5.4257117802291855e-8
5.337674023897829e-8
5.247370258509692e-8
5.0627254413623e-8
4.969508779486743e-8
4.876307060831154e-8
4.691368376306673e-8
4.600194889212612e-8
4.421476378414838e-8
4.24851688242802e-8
4.1644300370754694e-8
4.001320721846193e-8
3.845170392283137e-8
3.696096243140211e-8
3.485753780468502e-8
3.3542397145211604e-8
3.229501234086487e-8
3.05457830275002e-8
2.8934289009723792e-8
2.745026205636308e-8
2.6083485488577093e-8
2.4824215282343656e-8
2.366319879362864e-8
2.2252714383996122e-8
2.0981078293306724e-8
1.9829832795290595e-8
1.878287637409913e-8
1.7600571921091088e-8
1.6538947778534292e-8
1.5580166146740455e-8
1.4708697977923295e-8
1.3759686248798087e-8
1.3037328435179887e-8
1.2115536366854329e-8
1.139823000436349e-8
1.0635372640618628e-8
9.848588248573642e-9
9.225955614790474e-9
8.506831560135138e-9
7.937572220250944e-9
7.367335464892199e-9
6.810675360664152e-9
6.3252664120862115e-9
2.8244496219307074e-8
4.394821177593009e-8
5.347483300134722e-8
5.967832231174234e-8
6.393885751628422e-8
6.696530349213717e-8
6.914399454498316e-8
7.070069807681937e-8
7.177879484632643e-8
7.2477407207207e-8
7.287001416981374e-8
7.301365943955494e-8
7.29537473312652e-8
7.27268313772144e-8
7.236249377893507e-8
7.188477782637022e-8
7.131334689647472e-8
7.066442833859903e-8
6.995156520610698e-8
6.918619530669746e-8
6.753562825125978e-8
6.666609683041288e-8
6.577577537454215e-8
6.39537377879806e-8
6.303070517034087e-8
6.11777629048998e-8
5.933280919231224e-8
5.841833042322819e-8
5.661283443756271e-8
5.4846130720564286e-8
5.312508132026638e-8
5.0639556031020034e-8
4.905113224116326e-8
4.7519632051747744e-8
4.5330260925887876e-8
4.326920042300378e-8
4.133294416068576e-8
3.951659856070645e-8
3.7814527232548266e-8
3.622060822809623e-8
3.425232380035856e-8
3.244862975389388e-8
3.079356390828609e-8
2.927226252498449e-8
2.7538721871355508e-8
2.597099910978665e-8
2.4548943528461548e-8
2.3254079187759586e-8
2.1844895588997705e-8
2.0774734209356892e-8
1.94131199070557e-8
1.835612083473051e-8
1.723304285361719e-8
1.6073287256662838e-8
1.515120992938877e-8
1.4075704800570778e-8
1.3211130204224074e-8
1.2328404612715278e-8
1.1445605199041483e-8
1.0654362788601956e-8
