2.988533709719546e-8
1.0950937481000341e-8
-8.329672944860446e-9
-2.4549752859020378e-8
-3.7907415872479716e-8
-4.9021196629656224e-8
-5.837675099569699e-8
-6.628758997078839e-8
-7.294650036215656e-8
-7.84762592277365e-8
-8.296431065119683e-8
-8.648333942607758e-8
-8.910227576833565e-8
-9.089146053956042e-8
-9.192446603876521e-8
-9.227809858153134e-8
-9.203147321809502e-8
-9.126466824046525e-8
-9.005724792443219e-8
-8.848681916614785e-8
-8.454988275828532e-8
-8.231793736487636e-8
-7.999050354721833e-8
-7.525103257035885e-8
-7.292301863857099e-8
-6.851012941921353e-8
-6.456054507532436e-8
-6.27903230161678e-8
-5.967800879730046e-8
-5.711679929302737e-8
-5.504347243044011e-8
-5.2641633680151e-8
-5.1356957657364745e-8
-5.020481120156084e-8
-4.853551926374338e-8
-4.67514794748612e-8
-4.4743789725921995e-8
-4.250122719567013e-8
-4.0084185372896626e-8
-3.759294068134664e-8
-3.434544453459302e-8
-3.1382186439323395e-8
-2.8836208167964213e-8
-2.674327646066896e-8
-2.4695245509181954e-8
-2.3111402877122674e-8
-2.1796702026194316e-8
-2.059794747242849e-8
-1.91957613748837e-8
-1.8035256980538804e-8
-1.646855551523835e-8
-1.524247876611099e-8
-1.4000465901984657e-8
-1.2830825474841417e-8
-1.1982370837147705e-8
-1.1048512454060216e-8
-1.030961696745922e-8
-9.550760932014062e-9
-8.795302905231675e-9
-8.138182968629693e-9
-5.194835271999055e-8
-9.17667535517239e-8
-1.2361023993738585e-7
-1.4892686725974007e-7
-1.6928378720636385e-7
-1.8580622552966102e-7
-1.9923489593838014e-7
-2.100686854286941e-7
-2.1866851558344042e-7
-2.2531707634296368e-7
-2.3024965753150639e-7
-2.33669351820264e-7
-2.3575482963082482e-7
-2.3666495295368553e-7
-2.365421227700609e-7
-2.3551503321572035e-7
-2.337009791747828e-7
-2.3120770172959581e-7
-2.2813475408313375e-7
-2.2457441840442066e-7
-2.1632734745727512e-7
-2.11792460657484e-7
-2.0707401585927066e-7
-1.973207257569007e-7
-1.9238755524074772e-7
-1.826177969145437e-7
-1.7319203694696248e-7
-1.6867021065589693e-7
-1.60094410524644e-7
-1.5221328231488654e-7
-1.4506831228293397e-7
-1.3572337740127674e-7
-1.3035322850088585e-7
-1.2559795037154284e-7
-1.1944391848797885e-7
-1.1420480165666805e-7
-1.0959291771915854e-7
-1.053530581503643e-7
-1.012818199852846e-7
-9.723679060733938e-8
-9.175268038193575e-8
-8.613530327362176e-8
-8.047062403522391e-8
-7.491688935991485e-8
-6.839656626242134e-8
-6.26009003775088e-8
-5.767398188247098e-8
-5.3613199414200056e-8
-4.971419417218419e-8
-4.7064384963290304e-8
-4.389859199411704e-8
-4.142454324314403e-8
-3.863061226624453e-8
-3.5520855792057234e-8
-3.2954901527305774e-8
-3.0020882927458994e-8
-2.7823386016487706e-8
-2.5773262126533636e-8
-2.3878921200836405e-8
-2.2233115552526826e-8
-4.4510778724345905e-8
-6.616522532042541e-8
-8.195273552561592e-8
-9.403773272500798e-8
-1.0367238863960061e-7
-1.1164782525337477e-7
-1.1838033227336133e-7
-1.2407695276942632e-7
-1.288536071683365e-7
-1.3279498253131765e-7
-1.3597721984759382e-7
-1.3847277799451328e-7
-1.4034918088444089e-7
-1.416671661752279e-7
-1.4248007456831087e-7
-1.428345500565415e-7
-1.4277200064787385e-7
-1.423302250151681e-7
-1.4154479109127095e-7
-1.4044997057008297e-7
-1.3746519734346484e-7
-1.356397250184566e-7
-1.336333575692673e-7
-1.2919228252758824e-7
-1.2681007222915725e-7
-1.2183832874529442e-7
-1.1672142503496336e-7
-1.1415081812189315e-7
-1.0905548422057269e-7
-1.0409824279031108e-7
-9.935351060897788e-8
-9.275137254920487e-8
-8.874228732572167e-8
-8.506546113477248e-8
-8.017086760894734e-8
-7.597950007841501e-8
-7.241249032965443e-8
-6.937118478928994e-8
-6.674907181389324e-8
-6.443977976323761e-8
-6.167530697224684e-8
-5.908428413820428e-8
-5.6513736389547614e-8
-5.387375505699332e-8
-5.043933110472682e-8
-4.691070784723511e-8
-4.341152740744962e-8
-4.008347857030971e-8
-3.648493674720953e-8
-3.390486752571193e-8
-3.0970846285391496e-8
-2.9020028350938876e-8
-2.7227669745515196e-8
-2.55401767551719e-8
-2.417647020742234e-8
-2.2421292180463142e-8
-2.0843147128499316e-8
-1.9127286313894325e-8
-1.7429486431294906e-8
-1.603722837854528e-8
-2.861260147046591e-8
-3.4165636326974e-8
-3.6384629118056946e-8
-3.730352083009525e-8
-3.768753727312669e-8
-3.7914266039204056e-8
-3.81254153266076e-8
-3.834720280819538e-8
-3.856498515940505e-8
-3.875847546803795e-8
-3.891350860234178e-8
-3.9022982649253466e-8
-3.9084315909620317e-8
-3.9096819048290415e-8
-3.90600926160221e-8
-3.89734683784045e-8
-3.883612957402722e-8
-3.8647516311944825e-8
-3.840773203082446e-8
-3.8117800955143104e-8
-3.7396433325090076e-8
-3.6971480745746284e-8
-3.6508893111821936e-8
-3.548762264062523e-8
-3.493717081226043e-8
-3.3775602162940376e-8
-3.2555421294319956e-8
-3.1930857822488745e-8
-3.0666356768210165e-8
-2.9398132103210186e-8
-2.814490021640013e-8
-2.632912673199811e-8
-2.5180864918892362e-8
-2.4093849262974076e-8
-2.2590858678794368e-8
-2.124821626087284e-8
-2.0065043912555887e-8
-1.9033975711288836e-8
-1.814336475364983e-8
-1.737821607463473e-8
-1.652210493398999e-8
-1.581011912558652e-8
-1.5194720328052884e-8
-1.463366506283345e-8
-1.3959125037151308e-8
-1.3275437187327302e-8
-1.256200850153296e-8
-1.1817224505032112e-8
-1.0902396574130245e-8
-1.0151549843231654e-8
-9.172634274158958e-9
-8.43951275246953e-9
-7.730841288629697e-9
-7.107611049552214e-9
-6.696091493710592e-9
-6.2856536652111356e-9
-5.9687411399141865e-9
-5.609558167577441e-9
-5.186001590316803e-9
-4.75859903508913e-9
-1.960053840097777e-8
-1.8154928975616903e-8
-1.557999018215769e-8
-1.3223093688560354e-8
-1.1306177871625378e-8
-9.828265607890425e-9
-8.715824769673986e-9
-7.881713208331138e-9
-7.250036308456024e-9
-6.763179602495702e-9
-6.38052096264026e-9
-6.074332860852145e-9
-5.825601882425465e-9
-5.620802081840451e-9
-5.449779594627305e-9
-5.30453640668539e-9
-5.178610073126105e-9
-5.066783408074091e-9
-4.9649375886151154e-9
-4.869940503426523e-9
-4.692127396680927e-9
-4.606755344124498e-9
-4.522802681125444e-9
-4.357926379385573e-9
-4.2766811655829935e-9
-4.116037828806137e-9
-3.95716206215818e-9
-3.878150220463847e-9
-3.720732860986526e-9
-3.5642961873476528e-9
-3.4096613512764935e-9
-3.184001794542187e-9
-3.0398151385427437e-9
-2.9019525049487675e-9
-2.7084266315153535e-9
-2.531518237896603e-9
-2.371215696367221e-9
-2.2273367607972866e-9
-2.099738584430405e-9
-1.9880821733884085e-9
-1.8624404583456034e-9
-1.7598710327590184e-9
-1.6755570814181935e-9
-1.604782634527602e-9
-1.5295345357231896e-9
-1.463556934741555e-9
-1.401862457464512e-9
-1.3401370933903265e-9
-1.2621814745310884e-9
-1.193454820689427e-9
-1.0945968475084532e-9
-1.0115335362336514e-9
-9.20985687455279e-10
-8.302351042948049e-10
-7.649148741529043e-10
-7.013587660117347e-10
-6.604859283966641e-10
-6.244342017138832e-10
-5.89027367198173e-10
-5.54129791001104e-10
-1.9606624582065197e-8
-1.6209976810084404e-8
-1.247128444617353e-8
-9.512680285997554e-9
-7.311876199357707e-9
-5.696764678118729e-9
-4.505605201362243e-9
-3.6143125740640485e-9
-2.934582500718432e-9
-2.405804021151176e-9
-1.986989426848994e-9
-1.6503601036925654e-9
-1.3767528832862757e-9
-1.152543929986325e-9
-9.67690057085332e-10
-8.145277890786738e-10
-6.870525208952761e-10
-5.804832818000098e-10
-4.90987460212198e-10
-4.154906662303096e-10
-2.971397325926173e-10
-2.5073666221435424e-10
-2.1104495124683387e-10
-1.477851148811313e-10
-1.2260516857432035e-10
-8.193672220422774e-11
-5.0832116284270085e-11
-3.7846349804054713e-11
-1.546711325102774e-11
3.581142760100375e-12
2.044405310514157e-11
4.2888306461743e-11
5.627675792869278e-11
6.847792282581908e-11
8.458706150009053e-11
9.811698882154937e-11
1.0911203155470833e-10
1.1754785878416444e-10
1.2335524912105924e-10
1.265194141550429e-10
1.268868118601368e-10
1.2360580263437998e-10
1.177612890935614e-10
1.1036211795756056e-10
9.999255218706689e-11
8.915856687171473e-11
7.852758547952273e-11
6.878924350498713e-11
5.904491926906429e-11
5.272020032319502e-11
4.608408998810856e-11
4.172679455697532e-11
3.757619044994583e-11
3.368674644102627e-11
3.0671758293562925e-11
2.670416062504018e-11
2.292687587619991e-11
1.8780817004121413e-11
1.470805083797712e-11
1.1142860072904671e-11
-1.564205129868231e-8
-1.1052578347709746e-8
-7.37088448409689e-9
-4.936330320089893e-9
-3.3736867904800234e-9
-2.3676921255680956e-9
-1.708384118196221e-9
-1.2640542580268803e-9
-9.541376855413212e-10
-7.299497301245103e-10
-5.621464043734687e-10
-4.3289235719467197e-10
-3.3110993686042104e-10
-2.496700696016286e-10
-1.837698882712229e-10
-1.3001391201576056e-10
-8.589902745779825e-11
-4.952338665151918e-11
-1.9415333927785517e-11
5.5749240088061774e-12
4.362604533838091e-11
5.797039348618378e-11
6.984485309538635e-11
8.764640741463323e-11
9.417025897737171e-11
1.0367488247193915e-10
1.0974359983030736e-10
1.1188348475294154e-10
1.1497065601355989e-10
1.170315337379295e-10
1.1850859920713237e-10
1.201128614528918e-10
1.209012292723191e-10
1.2148969483221665e-10
1.2199277024801332e-10
1.2201985969449879e-10
1.2153289331050626e-10
1.2047034148545618e-10
1.187640609994228e-10
1.1637626408456075e-10
1.1218325725442788e-10
1.0706197815943165e-10
1.0135822324608502e-10
9.539934164308122e-11
8.793806712026089e-11
8.070874408138628e-11
7.390642683682311e-11
6.772040742290222e-11
6.130087453930046e-11
5.6796543937233376e-11
5.1528820816550527e-11
4.766813595516557e-11
4.3656121034022667e-11
3.957072049272853e-11
3.634585812180769e-11
3.252462658055885e-11
2.9374757988714204e-11
2.6191047229190237e-11
2.3193590662047704e-11
2.0682052736481847e-11
-1.3018207632954768e-8
-7.922787836466128e-9
-4.4965190665244665e-9
-2.5258699984820757e-9
-1.425205682421174e-9
-8.151228224460578e-10
-4.763519884083599e-10
-2.8620242792081765e-10
-1.7721054818048498e-10
-1.1276304946443073e-10
-7.316618134656836e-11
-4.7842089301275823e-11
-3.104532001571363e-11
-1.95650661083838e-11
-1.1523062299327565e-11
-5.759411876008593e-12
-1.5233001868612545e-12
1.684359837924209e-12
4.195643354488503e-12
6.22658489859377e-12
9.332306128115879e-12
1.0532507066967406e-11
1.1538500506539026e-11
1.3032601755640776e-11
1.3550718794501634e-11
1.4218408565899055e-11
1.45308225724367e-11
1.4603125137096076e-11
1.4658857579500294e-11
1.4663912975941876e-11
1.465789817141141e-11
1.4637898106489822e-11
1.4604794003799552e-11
1.4548127441650154e-11
1.4421297158144097e-11
1.4260444853641135e-11
1.4078711938187636e-11
1.3871323234669037e-11
1.3620242428639568e-11
1.3308111782187497e-11
1.278945077001925e-11
1.217783144907838e-11
1.1517719563940518e-11
1.0846488580050033e-11
1.0019720636165516e-11
9.219007122388813e-12
8.460222101248112e-12
7.768209902875506e-12
7.052465870609728e-12
6.551238353416482e-12
5.960873671652041e-12
5.5238079008064874e-12
5.070231953122503e-12
4.613249223927415e-12
4.253656269129552e-12
3.825037566483972e-12
3.47161959507099e-12
3.116371147901246e-12
2.7809650832620367e-12
2.4970663679463776e-12
-1.0642863330084272e-8
-5.3364868085856685e-9
-2.230045792745601e-9
-6.771622168650516e-10
4.5097461631382056e-11
3.455404645587744e-10
4.3879227638672057e-10
4.3481335135548324e-10
3.8879311385312187e-10
3.277251746551015e-10
2.6434542633064023e-10
2.043346371411185e-10
1.499679624522291e-10
1.0191915445359639e-10
6.012846086958209e-11
2.4209979441483558e-11
-6.3591662934261894e-12
-3.2149046204915474e-11
-5.3731268905331234e-11
-7.165338897530133e-11
-9.850236670227765e-11
-1.0829812798938127e-10
-1.1616799093840311e-10
-1.2731946579631088e-10
-1.310910955115125e-10
-1.3599395297146133e-10
-1.3835727958618008e-10
-1.3887777390751085e-10
-1.3903596492822593e-10
-1.3844943016357434e-10
-1.3748450502569025e-10
-1.357887702259805e-10
-1.346366198869449e-10
-1.3349818935387263e-10
-1.3178336983163432e-10
-1.2996926161378849e-10
-1.279447372837488e-10
-1.2561077961703262e-10
-1.2289206103707268e-10
-1.197483735697664e-10
-1.1490991577537202e-10
-1.094596024410838e-10
-1.0361681415363979e-10
-9.761284848044382e-11
-9.016139032612374e-11
-8.299667785200669e-11
-7.629474925613005e-11
-7.02032891525882e-11
-6.383667983800285e-11
-5.932077236740509e-11
-5.400350147159846e-11
-5.0115982938783515e-11
-4.6100753632860684e-11
-4.2020300760058324e-11
-3.879907860223291e-11
-3.499974346346241e-11
-3.1883016544056373e-11
-2.872022039309961e-11
-2.571089944687477e-11
-2.3177413457186383e-11
-4.821264989348481e-9
9.547666666063193e-10
3.5267598710785595e-9
4.294975780210019e-9
4.2281228386527365e-9
3.813414123975883e-9
3.281967159710862e-9
2.7386682475786445e-9
2.2280212360558706e-9
1.7664953417337234e-9
1.3580126241902456e-9
1.0011279692922695e-9
6.922338506457213e-10
4.269420448746482e-10
2.0067480200395791e-10
8.93394041354955e-12
-1.525568489438848e-10
-2.877649108730233e-10
-4.002950965245207e-10
-4.933642082863226e-10
-6.320621214407444e-10
-6.822726132627448e-10
-7.222596212834501e-10
-7.776501742767931e-10
-7.955979019801002e-10
-8.171718349098751e-10
-8.250823961086851e-10
-8.255582697056437e-10
-8.220418023059702e-10
-8.149693533907307e-10
-8.062991663847668e-10
-7.925951137440219e-10
-7.836410507641709e-10
-7.749409932909458e-10
-7.621759912178459e-10
-7.493037946064945e-10
-7.357471782542171e-10
-7.209216408317668e-10
-7.043169740060082e-10
-6.856085560668384e-10
-6.573451632581286e-10
-6.259189757211475e-10
-5.925076920745791e-10
-5.583508134525906e-10
-5.160734344215365e-10
-4.754419017966127e-10
-4.3740973362797067e-10
-4.0281625794373534e-10
-3.666273315252219e-10
-3.4092060308744133e-10
-3.105975990630572e-10
-2.8841686184727933e-10
-2.655500938334451e-10
-2.4237488965458807e-10
-2.2409945827912974e-10
-2.0254382652449207e-10
-1.8486799410692126e-10
-1.669268560493128e-10
-1.4981080317173112e-10
-1.3535348568059947e-10
6.356016960965075e-7
8.494599732470683e-7
9.92458822728406e-7
1.0961794710216586e-6
1.171384754829739e-6
1.2239689760721443e-6
1.2579062111092313e-6
1.2762420956243915e-6
1.281518208540455e-6
1.2759593838530338e-6
1.2615516968183853e-6
1.2400721828114128e-6
1.2131002745398808e-6
1.1820247297283e-6
1.1480514456240215e-6
1.112213538263053e-6
1.0753833988671917e-6
1.0382859537042455e-6
1.0015123860094439e-6
9.655337817209154e-7
8.973242037409435e-7
8.655511655501218e-7
8.355123412224835e-7
7.808149432179895e-7
7.561289695948556e-7
7.117569642733216e-7
6.733585926145962e-7
6.560944019220145e-7
6.247899109114259e-7
5.969525023154224e-7
5.716823398640704e-7
5.370026655522512e-7
5.152556851470155e-7
4.942011624653702e-7
4.635420665298264e-7
4.3387082315203074e-7
4.053701176766462e-7
3.7838527241826163e-7
3.532704676434087e-7
3.30288857162022e-7
3.0315882247103157e-7
2.799314240135935e-7
2.6017045518075613e-7
2.432604099410064e-7
2.2515876838376317e-7
2.094425463140677e-7
1.9536350871535452e-7
1.8249486292061975e-7
1.6840190231971943e-7
1.577383890503341e-7
1.4446593738285307e-7
1.3457833161522233e-7
1.24592845279491e-7
1.1485531233375312e-7
1.0746920734999614e-7
9.915238003935417e-8
9.264611548281793e-8
8.616350146011611e-8
7.988093843572722e-8
7.44498100374131e-8
2.734266474361767e-7
3.457652842622671e-7
3.991203973848543e-7
4.4362422429796763e-7
4.812158114525666e-7
5.127168150023179e-7
5.386265232725848e-7
5.593506164209727e-7
5.752902774661324e-7
5.868647205224049e-7
5.945040000152686e-7
5.986336798778668e-7
5.996616638186664e-7
5.979703995745574e-7
5.939140891982266e-7
5.878192431359448e-7
5.799868471409462e-7
5.706948534591314e-7
5.602002545223694e-7
5.487404564593367e-7
5.237806666659139e-7
5.106616652553974e-7
4.97339362520732e-7
4.7064138904263487e-7
4.5749871781866615e-7
4.3208066604155715e-7
4.0824622897710623e-7
3.9703300749418904e-7
3.761360869099175e-7
3.573344932905325e-7
3.4059522666353407e-7
3.1907107337557154e-7
3.068281156890901e-7
2.959979519069197e-7
2.8185514091633174e-7
2.6950963432504596e-7
2.582428432611738e-7
2.474940944714862e-7
2.3688381757313986e-7
2.262084861299389e-7
2.1180040051422933e-7
1.973732131148334e-7
1.8330186933030088e-7
1.7001027175822332e-7
1.5502708219084188e-7
1.4221424769141256e-7
1.3159997942953537e-7
1.229108543027573e-7
1.144025254700628e-7
1.083668254803377e-7
1.0078092628284318e-7
9.466731976864544e-8
8.780581796383892e-8
8.04277684065111e-8
7.458456684470383e-8
6.811415995874686e-8
6.332222607411513e-8
5.878609316166097e-8
5.4470003907555365e-8
5.064815562325844e-8
1.1708505813325052e-7
1.1849480797980598e-7
1.1873136939746357e-7
1.2115574085906027e-7
1.2497908659042182e-7
1.294506698787494e-7
1.3401837063906232e-7
1.383082975005668e-7
1.420954868555783e-7
1.452678043947518e-7
1.4778927879759733e-7
1.4966926488944052e-7
1.5094024213492462e-7
1.5164398182295147e-7
1.518242493120922e-7
1.5152383304462604e-7
1.507839781537269e-7
1.4964483753664043e-7
1.4814609341345134e-7
1.463273348127676e-7
1.4188742537909906e-7
1.3934364106025808e-7
1.3663351226927183e-7
1.3085115226467067e-7
1.2784118016547498e-7
1.2171888688599907e-7
1.1560888188959723e-7
1.126048917925888e-7
1.0677236213735632e-7
1.0124937029623732e-7
9.610317117560795e-8
8.917872670651362e-8
8.511644625213861e-8
8.149251698427994e-8
7.682917377438683e-8
7.298679636234021e-8
6.981849257681542e-8
6.716659774501849e-8
6.487732163274436e-8
6.281016610136014e-8
6.019398557301894e-8
5.7543135481383496e-8
5.472984586603369e-8
5.171759657756579e-8
4.77415626468317e-8
4.3714315316995094e-8
3.986805556611773e-8
3.64043563232884e-8
3.2929363132896687e-8
3.0644799265498804e-8
2.8283272789329966e-8
2.6834444166315144e-8
2.5500332756991975e-8
2.4074653517001995e-8
2.2721080676730886e-8
2.0802358912069234e-8
1.9058160877435285e-8
1.7263274051064965e-8
1.5661675535264763e-8
1.4498869150998462e-8
5.2436188622684056e-8
2.6812802996032382e-8
5.266203535263739e-9
-1.0867614294975589e-8
-2.3043510809247347e-8
-3.255074430229942e-8
-4.023152625899142e-8
-4.6600210872741676e-8
-5.1973741442378884e-8
-5.6557514640719637e-8
-6.049385604399852e-8
-6.388745749766752e-8
-6.68184495283358e-8
-6.934944789177152e-8
-7.152986726538258e-8
-7.339900925782418e-8
-7.498851322804078e-8
-7.63243514758603e-8
-7.742841042134557e-8
-7.831967887737241e-8
-7.953003616743341e-8
-7.987875904865034e-8
-8.007447122520117e-8
-8.005526733725e-8
-7.9862486108249e-8
-7.916027197649467e-8
-7.809464154042642e-8
-7.744564499615677e-8
-7.595196098012352e-8
-7.424266057028244e-8
-7.236845777172539e-8
-6.934877121414463e-8
-6.725656926633738e-8
-6.514256069499161e-8
-6.199467671207023e-8
-5.894466151623296e-8
-5.605216318468556e-8
-5.335904854777128e-8
-5.0892035647336563e-8
-4.8664450977774186e-8
-4.6067614109289924e-8
-4.3873271086129336e-8
-4.203322550616125e-8
-4.04847231623802e-8
-3.8853181150722934e-8
-3.743247052608875e-8
-3.6097563823627805e-8
-3.474661134248534e-8
-3.3011013760380694e-8
-3.143989003802333e-8
-2.908215527410625e-8
-2.6999399693439702e-8
-2.4636782696258916e-8
-2.220322108532598e-8
-2.041989699996826e-8
-1.8659251198746973e-8
-1.7544645725465576e-8
-1.663975571057048e-8
-1.582496774474055e-8
-1.499469733133906e-8
3.0923463029136276e-8
3.185662820612555e-9
-1.8662860362643116e-8
-3.474466509790699e-8
-4.685552969500518e-8
-5.6415076064404445e-8
-6.428718721539029e-8
-7.096003012506015e-8
-7.671295971142808e-8
-8.171856496106227e-8
-8.609533757104507e-8
-8.993200065834552e-8
-9.329804902803328e-8
-9.624857812577492e-8
-9.882719233459843e-8
-1.0106842177418107e-7
-1.0299997414603451e-7
-1.0464474877915614e-7
-1.060224776358552e-7
-1.0715092199583497e-7
-1.0872538461975576e-7
-1.0920227918275136e-7
-1.0949179948500552e-7
-1.0956305778521785e-7
-1.0937001206700516e-7
-1.0858368208012832e-7
-1.0733160543846239e-7
-1.0655425589417113e-7
-1.0473995489502523e-7
-1.0263337345214819e-7
-1.0029560956161736e-7
-9.647867208298572e-8
-9.380105638092554e-8
-9.106865983080664e-8
-8.694806187967082e-8
-8.289142594211517e-8
-7.897880037911973e-8
-7.527038076462828e-8
-7.18090159174444e-8
-6.862152939501898e-8
-6.481641718339476e-8
-6.151186566930146e-8
-5.867197378581033e-8
-5.6242397536346575e-8
-5.3683867026276034e-8
-5.1529892552992975e-8
-4.9643088721983546e-8
-4.7895780100694665e-8
-4.583675809321222e-8
-4.4069327206652287e-8
-4.145103606427716e-8
-3.9077382780967166e-8
-3.622622459991138e-8
-3.3012635859468766e-8
-3.039073104853349e-8
-2.745596729776933e-8
-2.5337172613319027e-8
-2.3490313246031302e-8
-2.1978965698326453e-8
-2.0828020033790255e-8
1.1775270352342027e-8
-1.3234883709107118e-8
-2.987886499616163e-8
-4.022082434966672e-8
-4.669245460785103e-8
-5.104006816876736e-8
-5.421635560167533e-8
-5.6680723451203033e-8
-5.865143201647786e-8
-6.024648859878144e-8
-6.154594643939967e-8
-6.261307027623523e-8
-6.349869077887858e-8
-6.424112530087626e-8
-6.486654329360149e-8
-6.539082097009954e-8
-6.582239161461385e-8
-6.616526799631965e-8
-6.642159924483605e-8
-6.659344542506176e-8
-6.669652521059577e-8
-6.663684624921352e-8
-6.651024985112586e-8
-6.607840739133524e-8
-6.578307772641845e-8
-6.505323092895982e-8
-6.415646416499032e-8
-6.365095706338391e-8
-6.253557195923796e-8
-6.129550674948942e-8
-5.995084696883249e-8
-5.7786796533184855e-8
-5.627838902416463e-8
-5.474026674936476e-8
-5.241136689403622e-8
-5.0092617770037875e-8
-4.781710262354462e-8
-4.561429980525023e-8
-4.351118318478616e-8
-4.153010529423641e-8
-3.9103499862994065e-8
-3.6933757013638386e-8
-3.5015468856365394e-8
-3.333353556647977e-8
-3.153488732344953e-8
-3.003309942977671e-8
-2.877339335366974e-8
-2.76915510785367e-8
-2.653948196118225e-8
-2.5640806800741385e-8
-2.440319538753942e-8
-2.331631952034135e-8
-2.1985708062560962e-8
-2.0386935012014807e-8
-1.896710167124145e-8
-1.721343464038859e-8
-1.579992371240618e-8
-1.4429718748076019e-8
-1.3215530965631382e-8
-1.2315520176327803e-8
1.24988954516633e-8
-5.34393341508183e-9
-1.5456895771391102e-8
-2.0456097892027542e-8
-2.267430598110832e-8
-2.354818877138302e-8
-2.3811525913933018e-8
-2.3799962404962024e-8
-2.365836753983025e-8
-2.345127698256211e-8
-2.3212574568153372e-8
-2.296405242623871e-8
-2.2720699401710066e-8
-2.2491719273947363e-8
-2.228101126917306e-8
-2.2088167018796497e-8
-2.1909916335064517e-8
-2.1741646112686762e-8
-2.1578665803557883e-8
-2.1417050456842368e-8
-2.1088080755294338e-8
-2.091860763622055e-8
-2.0745731526720592e-8
-2.0391585939924495e-8
-2.0211146673232618e-8
-1.9843992535693748e-8
-1.9466403096918347e-8
-1.9272469002353643e-8
-1.8872103670511253e-8
-1.845384560514319e-8
-1.8018808006844128e-8
-1.734273418068044e-8
-1.6882937756303284e-8
-1.642051630963452e-8
-1.5727691572676955e-8
-1.5040480376503645e-8
-1.4363041645047567e-8
-1.3700930463244693e-8
-1.3061428851331286e-8
-1.2451912277796035e-8
-1.1695014918552147e-8
-1.1006425714230201e-8
-1.0385172762585884e-8
-9.828395505883976e-9
-9.22004486955887e-9
-8.705339425957563e-9
-8.275329142316567e-9
-7.914711870195764e-9
-7.549115035029096e-9
-7.283380639774902e-9
-6.949539371111423e-9
-6.681851864094577e-9
-6.369868134604907e-9
-5.994404651967508e-9
-5.6479263940084835e-9
-5.19369068878803e-9
-4.797676789286832e-9
-4.377134628882503e-9
-3.965164348373266e-9
-3.6337600219205642e-9
1.2296780633610268e-8
-5.434470801502848e-10
-6.622261867124617e-9
-8.78836717616502e-9
-9.130654855015857e-9
-8.729043052294958e-9
-8.087133910084296e-9
-7.419284659703155e-9
-6.805423695705979e-9
-6.267882879219158e-9
-5.806835812465547e-9
-5.415251991919384e-9
-5.084478313286565e-9
-4.805973697157392e-9
-4.5717191103613886e-9
-4.374310389796124e-9
-4.207043051048116e-9
-4.064021875049791e-9
-3.940251160984788e-9
-3.8316654833656254e-9
-3.6481205742219587e-9
-3.5690063476302842e-9
-3.496462696073916e-9
-3.367477608822279e-9
-3.309651198710607e-9
-3.204400335835401e-9
-3.109440605929368e-9
-3.064591319964476e-9
-2.9781491966247754e-9
-2.894205860870208e-9
-2.8115657049431523e-9
-2.689571298825472e-9
-2.6098962363186e-9
-2.5318291638337153e-9
-2.4177549475846096e-9
-2.30676103492436e-9
-2.1982588805336185e-9
-2.092351914180802e-9
-1.989898202448989e-9
-1.8920444290055917e-9
-1.7701849819157578e-9
-1.6586644708027364e-9
-1.5569708910548297e-9
-1.4645462172234407e-9
-1.3620635425013565e-9
-1.2744579350219579e-9
-1.2010483580514423e-9
-1.1396366933701627e-9
-1.0780761105320214e-9
-1.0346465909901466e-9
-9.835327162904442e-10
-9.463308066358859e-10
-9.06422622785539e-10
-8.605096042643312e-10
-8.185676322093078e-10
-7.629501079102628e-10
-7.121602553577715e-10
-6.538495174454677e-10
-5.916741531085254e-10
-5.381240342971519e-10
1.2537896707950276e-8
3.6776637414582677e-9
2.0719172703335555e-10
-4.98791805974095e-10
-1.4353034036982657e-10
5.126413645692864e-10
1.1626594497531743e-9
1.7010216701113482e-9
2.1074171482837533e-9
2.394108251354372e-9
2.5828731338343745e-9
2.6955902338960924e-9
2.750980546714405e-9
2.763980694095631e-9
2.7461126666940468e-9
2.7061271280745745e-9
2.6506298426317302e-9
2.5845982873481466e-9
2.5117785037486793e-9
2.4349813597710195e-9
2.277290062761289e-9
2.199067502510572e-9
2.1224361688147383e-9
1.97598001792343e-9
1.9067549407292473e-9
1.7769823628440723e-9
1.6588866040949452e-9
1.6041060606768149e-9
1.502642716455828e-9
1.411234255898359e-9
1.3288933935863552e-9
1.220162195550329e-9
1.1561208925602129e-9
1.0978291918203741e-9
1.0195830884944593e-9
9.50573372614725e-10
8.891627441046334e-10
8.340175063403662e-10
7.840374130675948e-10
7.383343356293993e-10
6.82901338773512e-10
6.327784873152325e-10
5.872889539671155e-10
5.459896246041141e-10
4.997396852342481e-10
4.589388796597446e-10
4.231154373459789e-10
3.918317473943679e-10
3.595817956124133e-10
3.364329659047566e-10
3.0856039630039603e-10
2.8804840573737566e-10
2.6731887067043945e-10
2.4701028179384984e-10
2.314628763550426e-10
2.1379896030454962e-10
2.0015024697512476e-10
1.870800468147033e-10
1.748592198093718e-10
1.64293810233094e-10
2.3963602082469326e-8
2.1625500610423813e-8
2.1405904034189756e-8
2.2076830912757753e-8
2.277449224515128e-8
2.3215033716399096e-8
2.33516501461297e-8
2.3219487993292668e-8
2.2875510655774782e-8
2.2376235352440192e-8
2.1770203722517755e-8
2.109623705613392e-8
2.0383962926167183e-8
1.9655172630165482e-8
1.892538209512555e-8
1.8205310171633286e-8
1.7502147908106167e-8
1.682057636104258e-8
1.6163537607298525e-8
1.553278917890772e-8
1.4353416035833873e-8
1.3805181204827423e-8
1.3284269491318182e-8
1.2322011436775454e-8
1.1879004790090606e-8
1.1064078821295921e-8
1.0336118862336762e-8
1.0001706786828575e-8
9.38603368201682e-9
8.833769248674503e-9
8.336808405365903e-9
7.679781856855414e-9
7.291959417859355e-9
6.9382371706598335e-9
6.461856761432017e-9
6.039167969396736e-9
5.659788060956781e-9
5.315784646949452e-9
5.001305809033379e-9
4.712053726776032e-9
4.3601033460728026e-9
4.041389080803736e-9
3.751581140661595e-9
3.487754519627727e-9
3.1918989217502723e-9
2.931768708895027e-9
2.70506683634675e-9
2.5085351883053824e-9
2.3069839450554276e-9
2.1631123821892156e-9
1.9919485300981146e-9
1.8680985494707266e-9
1.743936956620342e-9
1.6211855717847422e-9
1.5256380162095222e-9
1.4153765467620998e-9
1.3275675724181894e-9
1.2386870822465537e-9
1.1509038900169086e-9
1.0742416529602512e-9
8.034365775411711e-7
1.0664825520898633e-6
1.242622785313899e-6
1.3717215769867452e-6
1.4666878809243407e-6
1.534339464370088e-6
1.5792172645277142e-6
1.6048252131597946e-6
1.6141349660537067e-6
1.6097929504822267e-6
1.5941959332338271e-6
1.569512372761754e-6
1.5376861177578133e-6
1.5004382881403799e-6
1.4592728019881004e-6
1.4154862752285637e-6
1.3701812474640007e-6
1.3242813410434733e-6
1.2785471942687206e-6
1.2335923920186894e-6
1.1478322001074145e-6
1.1076548631265053e-6
1.069540538978997e-6
9.998249886427199e-7
9.682357143383038e-7
9.112852904396679e-7
8.618738902868352e-7
8.396422706965051e-7
7.993552762021891e-7
7.636202187136372e-7
7.313150718976079e-7
6.872567569087975e-7
6.597916302276836e-7
6.332928511985537e-7
5.947884996235954e-7
5.575110912112933e-7
5.215955573907915e-7
4.874268555899756e-7
4.554437356761611e-7
4.260030649658543e-7
3.910272909224383e-7
3.6091390497796624e-7
3.352197221434059e-7
3.132384330456551e-7
2.897953226901261e-7
2.695674753916062e-7
2.515457135942677e-7
2.3511634080684601e-7
2.171083846584298e-7
2.0343497120858564e-7
1.8633372246491998e-7
1.735373037103785e-7
1.6058745534899514e-7
1.4796729246236677e-7
1.384190503507477e-7
1.276946266843094e-7
1.1931168429948427e-7
1.1094935889514668e-7
1.02828819025042e-7
9.580049329000669e-8
4.355525285316733e-7
5.608593880877386e-7
6.518695301482523e-7
7.260007376998406e-7
7.878736857735049e-7
8.396597973000202e-7
8.82532399590081e-7
9.172571295101849e-7
9.444764945641296e-7
9.64819849171607e-7
9.789251473703843e-7
9.87426778639143e-7
9.9093754223214e-7
9.900358488092437e-7
9.852602187052185e-7
9.771093595943868e-7
9.660452136345521e-7
9.524967888296664e-7
9.368634179708612e-7
9.195168680600727e-7
8.810382357951638e-7
8.605163484122874e-7
8.395007818578199e-7
7.969067810052453e-7
7.75719030221573e-7
7.343428142823429e-7
6.950620600523383e-7
6.76414940784375e-7
6.413650128739803e-7
6.094796269564489e-7
5.80799693245334e-7
5.435203577272773e-7
5.221422845508768e-7
5.031709159760697e-7
4.784297168602044e-7
4.570405815972768e-7
4.3785605701574785e-7
4.1992866940983993e-7
4.0256233270795296e-7
3.85319938319011e-7
3.6220225412511865e-7
3.3899627429591095e-7
3.161175330839917e-7
2.9415217777272754e-7
2.688411722208526e-7
2.466306061288131e-7
2.2779625843435642e-7
2.121311592579119e-7
1.9675685092622418e-7
1.8601947868993351e-7
1.7293208604386707e-7
1.6270753546667416e-7
1.5139352216525033e-7
1.391604827345712e-7
1.292750808510583e-7
1.180406935952736e-7
1.095430564530611e-7
1.0145995749470771e-7
9.387029340576981e-8
8.728926861384974e-8
2.716471736487779e-7
3.2800123121172413e-7
3.718580730083226e-7
4.108616134391042e-7
4.458581496537907e-7
4.773850746865328e-7
5.056073007572618e-7
5.305115859866952e-7
5.520938022069626e-7
5.70435027127703e-7
5.856992476955461e-7
5.981001759109527e-7
6.078669003081901e-7
6.152205212788928e-7
6.203632843223992e-7
6.234770590249921e-7
6.247269824323907e-7
6.242667907915969e-7
6.22243611855952e-7
6.188011640865189e-7
6.082232567316259e-7
6.013639584851639e-7
5.936351868858386e-7
5.760651794638523e-7
5.664528203734097e-7
5.460828412987395e-7
5.247682673714265e-7
5.139464251821575e-7
4.922934093506859e-7
4.709848836985366e-7
4.5037397228291185e-7
4.213411529244312e-7
4.0350187614789715e-7
3.869926313233216e-7
3.6477963956122013e-7
3.4553275977600765e-7
3.2899471270925073e-7
3.1480801146284626e-7
3.0256523311045146e-7
2.9184310797398666e-7
2.7920135368967916e-7
2.676471978081589e-7
2.5647828990836906e-7
2.4522785467141494e-7
2.30734657616155e-7
2.1580552646357393e-7
2.0079785598715755e-7
1.862166869317928e-7
1.699837001937934e-7
1.5795882819911172e-7
1.4379460657408383e-7
1.3407443390576465e-7
1.2505513796606347e-7
1.1681384888496731e-7
1.105561501860693e-7
1.0294871643423828e-7
9.624633012950269e-8
8.882009093723958e-8
8.11298872713268e-8
7.447516680435042e-8
1.8705377985351457e-7
2.0487909484154652e-7
2.2031430835566485e-7
2.369463710084808e-7
2.536450892586718e-7
2.700166105982853e-7
2.857261371690107e-7
3.0043541740486053e-7
3.1388933343105716e-7
3.259551940493988e-7
3.3660803221184607e-7
3.458930600516805e-7
3.5388879895563976e-7
3.6068115560140925e-7
3.6634976160626185e-7
3.7096372883693987e-7
3.745829617300574e-7
3.77261736883574e-7
3.790523604848347e-7
3.8000778107777157e-7
3.7963428283373896e-7
3.78420040174199e-7
3.765980008621234e-7
3.7135499326511793e-7
3.680400250783778e-7
3.602648194611275e-7
3.512484607850557e-7
3.4637198478100725e-7
3.3605808816366085e-7
3.252110517793292e-7
3.1406766928599815e-7
2.9725199362251275e-7
2.862298597125457e-7
2.755209314078015e-7
2.602640725889985e-7
2.461738278962035e-7
2.3337394266170157e-7
2.2190680143448142e-7
2.1175333699581937e-7
2.0284427300335742e-7
1.9270399714182375e-7
1.8422681059533205e-7
1.7701627946086272e-7
1.7067985042245011e-7
1.6346052045606476e-7
1.5651802854214947e-7
1.494766913947019e-7
1.4213708750676218e-7
1.3290729833507298e-7
1.2501409190967283e-7
1.1410155568848057e-7
1.0531583082051192e-7
9.617294277870034e-8
8.750444524198747e-8
8.150219266786344e-8
7.561854881475646e-8
7.157026061823142e-8
6.763890930777935e-8
6.340792724150165e-8
5.904047846813138e-8
1.3786543415434143e-7
1.3215341373391842e-7
1.285205881507603e-7
1.2903582985747785e-7
1.319131854058584e-7
1.3625680167222535e-7
1.4143492984399485e-7
1.4693989843671371e-7
1.5240177665789697e-7
1.5758981676698552e-7
1.623853400320669e-7
1.667437644111773e-7
1.7066061213440194e-7
1.7414777917021717e-7
1.7722029945070882e-7
1.7989104099380795e-7
1.8217018040015145e-7
1.8406681834042548e-7
1.855909750680643e-7
1.8675503712948702e-7
1.8806701298510994e-7
1.8825318177830245e-7
1.8815408378197474e-7
1.8718489031678084e-7
1.863550762055961e-7
1.8409580439708085e-7
1.811426026865994e-7
1.794416136550783e-7
1.75657353985727e-7
1.7144905147536443e-7
1.6691734973884263e-7
1.5972299303328668e-7
1.5478886211609277e-7
1.498312334754537e-7
1.4248034390561077e-7
1.3536918769010968e-7
1.286128122922238e-7
1.2229464680223272e-7
1.1647218318335646e-7
1.1117757346394885e-7
1.049470670959269e-7
9.961685195206055e-8
9.508887062941745e-8
9.124011559713324e-8
8.718668330094482e-8
8.37407362841896e-8
8.0660672502512e-8
7.77293101804085e-8
7.417450208392727e-8
7.106850064622131e-8
6.645725405189857e-8
6.232659697486392e-8
5.746647887191045e-8
5.214165260157907e-8
4.793149473928597e-8
4.338242065220629e-8
4.0210604037498355e-8
3.750058722591242e-8
3.526062549010027e-8
3.345726314714475e-8
9.155701081320592e-8
6.701907857296901e-8
4.8893625757755645e-8
3.745264357583042e-8
3.0244363059219577e-8
2.5765020710557777e-8
2.3059672619067887e-8
2.1491603976491994e-8
2.063942680967384e-8
2.0233759416929813e-8
2.0108547806978486e-8
2.01633424368366e-8
2.0336275108916776e-8
2.058658880668984e-8
2.0884600674237127e-8
2.1206727250089047e-8
2.153350121592737e-8
2.1849050454477935e-8
2.2141067854790715e-8
2.2400757467565633e-8
2.2803668792676213e-8
2.2943375664158113e-8
2.304243198516173e-8
2.3125379084974235e-8
2.311327926169872e-8
2.299133934469802e-8
2.274954039074536e-8
2.2587226296352663e-8
2.2187086196571194e-8
2.1697615907465694e-8
2.1134608902823108e-8
2.0190140371172e-8
1.9518405147960747e-8
1.883007942459095e-8
1.7791418503041463e-8
1.6771074045547806e-8
1.579115369061624e-8
1.4869662011576227e-8
1.4021504229539528e-8
1.3257474716951435e-8
1.2378231494478074e-8
1.165570822401876e-8
1.107593732659254e-8
1.0619620730561554e-8
1.0191465169803975e-8
9.882130636641809e-9
9.646343601779348e-9
9.438365833086385e-9
9.171167560891298e-9
8.90341052490733e-9
8.435033193556246e-9
7.943591090247099e-9
7.282620233937203e-9
6.467837579966448e-9
5.7729864070892146e-9
4.998622403498808e-9
4.470452825486809e-9
4.066095353673282e-9
3.826823968707209e-9
3.744049148081659e-9
7.614797004798349e-8
4.6461791580644936e-8
2.3700613606869676e-8
8.019652578217914e-9
-3.0181258320487593e-9
-1.1145310233557582e-8
-1.7404948388284723e-8
-2.2408748239521182e-8
-2.652322796682783e-8
-2.997852716406911e-8
-3.292744447349025e-8
-3.5476562527857235e-8
-3.770281907026407e-8
-3.966284028668412e-8
-4.139873657386735e-8
-4.294209590665656e-8
-4.431693114538822e-8
-4.554189888470946e-8
-4.663193903590612e-8
-4.7599435427195156e-8
-4.9207910620060216e-8
-4.986648202654843e-8
-5.043812761927792e-8
-5.134648831359229e-8
-5.169437680695948e-8
-5.2200903972330095e-8
-5.248047782646725e-8
-5.254333075732428e-8
-5.2529437710497785e-8
-5.2346837012345634e-8
-5.2015271674270847e-8
-5.127913971065836e-8
-5.0654231204301696e-8
-4.994018807889204e-8
-4.8732185154302985e-8
-4.739664468639758e-8
-4.5970581146042606e-8
-4.448734642907596e-8
-4.2976901769940336e-8
-4.146541790016726e-8
-3.948576143076841e-8
-3.7582977965662845e-8
-3.578564563248492e-8
-3.41132731439451e-8
-3.221656772370218e-8
-3.054334253833978e-8
-2.9088236317442013e-8
-2.7833774397124658e-8
-2.655759986315145e-8
-2.565120836876048e-8
-2.4561490833660356e-8
-2.3737673555129653e-8
-2.283712706159959e-8
-2.181175969137115e-8
-2.087230252401822e-8
-1.957958773831609e-8
-1.8359829919278077e-8
-1.6953726128286385e-8
-1.543493864403125e-8
-1.405456471714395e-8
6.731520052972805e-8
3.7377144039018583e-8
1.5065633641716968e-8
3.222086580992873e-11
-1.031406405084595e-8
-1.7858012860213813e-8
-2.368798391055683e-8
-2.8395453030458735e-8
-3.231000918761093e-8
-3.563223687815376e-8
-3.8497980162263156e-8
-4.100619812243809e-8
-4.3230519575873574e-8
-4.522481594745195e-8
-4.7027175864791504e-8
-4.866363216730862e-8
-5.0151717251860427e-8
-5.150356503792913e-8
-5.272831916756681e-8
-5.3833766581164806e-8
-5.5716106621945835e-8
-5.650754875643034e-8
-5.720861422889504e-8
-5.8365232602426926e-8
-5.883185695617262e-8
-5.9563714363485665e-8
-6.004884687603076e-8
-6.020549641795034e-8
-6.035858427584048e-8
-6.031363793499431e-8
-6.009045870023153e-8
-5.9466693999128285e-8
-5.8887300495380184e-8
-5.819795020549919e-8
-5.6990697369228143e-8
-5.5613984148731944e-8
-5.410654031988246e-8
-5.2505399901010616e-8
-5.084636698420072e-8
-4.916226061909632e-8
-4.6925072940348577e-8
-4.474247290720718e-8
-4.2650124901396813e-8
-4.067450640803001e-8
-3.839947117026896e-8
-3.6362864528395394e-8
-3.456975647548162e-8
-3.300777859781225e-8
-3.1407140372498564e-8
-3.027170857658336e-8
-2.8930291893736595e-8
-2.795315086000058e-8
-2.693439755855846e-8
-2.583291758659513e-8
-2.4862292820981342e-8
-2.3551760947470945e-8
-2.230346673156388e-8
-2.0812715686961066e-8
-1.911677251538444e-8
-1.7484445834281398e-8
6.313397020801855e-8
3.580577796592278e-8
1.6350769920789732e-8
4.114337471264495e-9
-3.566380700722614e-9
-8.71487496051408e-9
-1.2456787700062208e-8
-1.5349939496843886e-8
-1.7671108852961213e-8
-1.9576598676949385e-8
-2.117342242753554e-8
-2.2544019422473868e-8
-2.375215398749498e-8
-2.4843910257944497e-8
-2.5849157898399334e-8
-2.6784558380682685e-8
-2.7657495703808113e-8
-2.8469990518704977e-8
-2.9221899530164376e-8
-2.991308171232613e-8
-3.1118687256660795e-8
-3.16391686708838e-8
-3.2110263435435526e-8
-3.292136391368873e-8
-3.326857682225243e-8
-3.3858316516219656e-8
-3.431584566912876e-8
-3.449612819444023e-8
-3.476108570435614e-8
-3.490258263074358e-8
-3.4929477146469656e-8
-3.478278699894012e-8
-3.458010097283477e-8
-3.430718020379567e-8
-3.378447402759016e-8
-3.314337707271074e-8
-3.240080925128373e-8
-3.157623822393444e-8
-3.0692700407412815e-8
-2.9773700250213363e-8
-2.8527222770571167e-8
-2.7286053322519945e-8
-2.6070671358264937e-8
-2.4897225243040557e-8
-2.3514527508908853e-8
-2.2251804511594133e-8
-2.1123617813838257e-8
-2.0127962609851074e-8
-1.9093368556484836e-8
-1.835292687512439e-8
-1.748420574738657e-8
-1.6870747912437577e-8
-1.6261701315104195e-8
-1.5642547136114295e-8
-1.5128332295513395e-8
-1.4466870977224993e-8
-1.384428119417033e-8
-1.3076236301789418e-8
-1.2153398820012445e-8
-1.1213572171231803e-8
7.406295372379705e-8
5.433089871830581e-8
4.0458930262036494e-8
3.2399693803506614e-8
2.791172031284221e-8
2.5243269404348137e-8
2.3443426047992887e-8
2.207256111776292e-8
2.093951137641378e-8
1.9953614364261987e-8
1.905983165760538e-8
1.821730875448575e-8
1.739546227936604e-8
1.657448167816565e-8
1.574516345017064e-8
1.490707152819044e-8
1.4065623516184177e-8
1.322901857306173e-8
1.2405696779461022e-8
1.160266044577816e-8
1.0074234751670745e-8
9.351891135299372e-9
8.656954394648573e-9
7.343976147224393e-9
6.723470055537653e-9
5.551481864652802e-9
4.472867465409033e-9
3.969980234000776e-9
3.0395187713760894e-9
2.2096744091551916e-9
1.47605758647028e-9
5.369438547415894e-10
3.830106818516798e-12
-4.649358112526972e-10
-1.0599939434806622e-9
-1.5361259295600746e-9
-1.9034641757398333e-9
-2.1751643046402523e-9
-2.368242278444417e-9
-2.5005885309920743e-9
-2.608082146789803e-9
-2.657488571978362e-9
-2.662003333331232e-9
-2.632560818860688e-9
-2.568157769544023e-9
-2.4974017151586077e-9
-2.4367883569475687e-9
-2.3901975164600206e-9
-2.350406002714884e-9
-2.331284176314435e-9
-2.3319025758128855e-9
-2.3573599653128546e-9
-2.4020848915298537e-9
-2.4506980797108275e-9
-2.4827992951975258e-9
-2.5067418854796225e-9
-2.4991882806332826e-9
-2.440565045958663e-9
-2.3184987694341707e-9
-2.163126894485667e-9
9.016410166528824e-7
1.1904024509703439e-6
1.3853362560512524e-6
1.5296798034563986e-6
1.636785373866468e-6
1.7137386246185104e-6
1.7653572223153403e-6
1.795431599206031e-6
1.8072202727808156e-6
1.8036487256923919e-6
1.7873784386568526e-6
1.7608235554987143e-6
1.7261517998851793e-6
1.685285237261561e-6
1.6399059242652404e-6
1.5914667280075601e-6
1.5412058990630602e-6
1.4901637463529175e-6
1.4392001013644096e-6
1.389011722698609e-6
1.293033054191409e-6
1.2479693126454175e-6
1.2051640133219476e-6
1.126736003219163e-6
1.0911470504876951e-6
1.026917288356156e-6
9.711411167110172e-7
9.460410165487433e-7
9.00569708561771e-7
8.602775260077215e-7
8.239113542810336e-7
7.744314056205428e-7
7.436536802134906e-7
7.139949313773313e-7
6.709269848122067e-7
6.29216397144008e-7
5.88975038349699e-7
5.506152136107305e-7
5.146281359023614e-7
4.814271628628461e-7
4.418931712544431e-7
4.0778969923559146e-7
3.786661790553278e-7
3.537593896625949e-7
3.2723751683303456e-7
3.0440683272965986e-7
2.8410485530132566e-7
2.656104069085588e-7
2.4532708136126864e-7
2.2990328568294016e-7
2.1057766665308228e-7
1.9609495610613398e-7
1.8143050549446897e-7
1.671457154257158e-7
1.5634885294553402e-7
1.44231941546784e-7
1.3476169259419948e-7
1.2530965956948474e-7
1.1612429974963284e-7
1.0817166393853145e-7
5.31149500457922e-7
6.779824457110334e-7
7.844185657668922e-7
8.718036766839849e-7
9.454084160023587e-7
1.0075130677472033e-6
1.0592784266419437e-6
1.101460023973762e-6
1.1347290934114504e-6
1.1597831118574442e-6
1.1773554865037091e-6
1.188189897009962e-6
1.193011830865327e-6
1.192509328688968e-6
1.1873243582166442e-6
1.1780519864901459e-6
1.1652437073714624e-6
1.1494119875426092e-6
1.1310342250078169e-6
1.1105553377800238e-6
1.064917324857886e-6
1.0404911213541685e-6
1.015428477998825e-6
9.645026149753025e-7
9.391126083589752e-7
8.894284628632057e-7
8.42140795841308e-7
8.19652359149251e-7
7.773115081849042e-7
7.387127285965689e-7
7.0392884830273e-7
6.586286435969137e-7
6.326154820491519e-7
6.095203045701081e-7
5.794130794058945e-7
5.534347968172079e-7
5.30210092231523e-7
5.085901280290529e-7
4.877180324991291e-7
4.6704217407631696e-7
4.3934592983024897e-7
4.1151812260525844e-7
3.840158076667335e-7
3.575237724452473e-7
3.2686952162091917e-7
2.9984829372358237e-7
2.768486963436835e-7
2.5767719263895946e-7
2.3886595577261397e-7
2.2576892192923513e-7
2.098904165902817e-7
1.9754782906388977e-7
1.8391502285100385e-7
1.6914962072829915e-7
1.5717133136354406e-7
1.4349965002679026e-7
1.331274605290746e-7
1.2325922068985514e-7
1.1401614533212235e-7
1.0602714978477552e-7
3.6837786579068694e-7
4.44786419440734e-7
5.022437778055242e-7
5.525526758826341e-7
5.975979888262118e-7
6.383613188962878e-7
6.750989888380101e-7
7.077413563926496e-7
7.362092597346238e-7
7.605430476726358e-7
7.80907891512993e-7
7.975495519255533e-7
8.107457113678742e-7
8.20771573732512e-7
8.278826989161873e-7
8.323110733062534e-7
8.342687385555442e-7
8.339541553579746e-7
8.315581550268789e-7
8.272679422710822e-7
8.137438691029983e-7
8.048726349580727e-7
7.948288788167729e-7
7.718783553236942e-7
7.592741004287734e-7
7.32482013787848e-7
7.043510989490816e-7
6.900357787772293e-7
6.613322156973921e-7
6.330101883214428e-7
6.055463351752058e-7
5.667447593238475e-7
5.428340736194844e-7
5.20657229928579e-7
4.907410887856413e-7
4.6474596487049724e-7
4.423579914955446e-7
4.2312550382435237e-7
4.065252528341485e-7
3.9200712572763124e-7
3.749534426409551e-7
3.594627565839301e-7
3.44583982225095e-7
3.296679422641125e-7
3.104988414563694e-7
2.9074215296330457e-7
2.708205654767406e-7
2.513749841030293e-7
2.295943432367809e-7
2.133557375669976e-7
1.9410440986580505e-7
1.808231007112725e-7
1.6848326294784274e-7
1.5726732254392118e-7
1.4884276702080904e-7
1.3870623340905243e-7
1.2980887500713516e-7
1.1991547570069062e-7
1.0958817423813709e-7
1.0057287327506944e-7
2.8656032978594336e-7
3.2484899964317353e-7
3.546235283378982e-7
3.8289989568892854e-7
4.0944840534854595e-7
4.3469823149322653e-7
4.586746376251177e-7
4.81090022314119e-7
5.016319853009636e-7
5.201131845071418e-7
5.364909549066236e-7
5.508258019254212e-7
5.632291527914692e-7
5.738238211275836e-7
5.82722611593411e-7
5.900217869791778e-7
5.958035356349824e-7
6.001421206041594e-7
6.031100784075725e-7
6.04782583796091e-7
6.045649927255003e-7
6.028466232287845e-7
6.001725958021023e-7
5.923021601810481e-7
5.872689232791317e-7
5.753782830883046e-7
5.614945101630752e-7
5.53954340500508e-7
5.379479136455513e-7
5.210396366052972e-7
5.035996967232002e-7
4.77162203723799e-7
4.5975982101474416e-7
4.427973333159085e-7
4.185355603079279e-7
3.960220177789859e-7
3.7547194583895334e-7
3.56974457896e-7
3.4052300722069087e-7
3.260310856599547e-7
3.0947945746307993e-7
2.956163656625945e-7
2.8384019354541006e-7
2.7354529323075166e-7
2.619335629023904e-7
2.5091584333562043e-7
2.3986715640634807e-7
2.2842287057541406e-7
2.14043040832232e-7
2.016994923395859e-7
1.8450522225455673e-7
1.705166722328613e-7
1.5578391029896476e-7
1.416121512931593e-7
1.3167007703594445e-7
1.2185365194859961e-7
1.1513964792505236e-7
1.0875992042205284e-7
1.0207525411576308e-7
9.526509633054613e-8
2.3949858477232114e-7
2.552569481543666e-7
2.68079643329741e-7
2.8251297173213085e-7
2.972390956152643e-7
3.122437931760556e-7
3.273362240746208e-7
3.420948833414156e-7
3.5610691062803003e-7
3.6910087401982304e-7
3.809596627543855e-7
3.9167577030004155e-7
4.012972064986305e-7
4.0988680466632326e-7
4.175000885520943e-7
4.241782824300524e-7
4.299505066752084e-7
4.3483977125451367e-7
4.3886908831599923e-7
4.4206579147589653e-7
4.461020574092831e-7
4.470259789752536e-7
4.4728237636029786e-7
4.459812018433511e-7
4.445132403039509e-7
4.401442506963879e-7
4.340986526309037e-7
4.305266297082794e-7
4.224323374245074e-7
4.1326352973328995e-7
4.0324844700341544e-7
3.8711980453390955e-7
3.7592375196150495e-7
3.6457655251081305e-7
3.4758161866585523e-7
3.3095220242106725e-7
3.1497845354846223e-7
2.9988084927294416e-7
2.858217331766711e-7
2.7290516177708364e-7
2.575280516349931e-7
2.4420799351795674e-7
2.3277351516192343e-7
2.229861648025347e-7
2.1266415469970772e-7
2.039652565022328e-7
1.9634742243542703e-7
1.8929964779760373e-7
1.810101029608762e-7
1.739221311830917e-7
1.6349544206428873e-7
1.5411981975323253e-7
1.4292404672076379e-7
1.3034540412832806e-7
1.2009416135154318e-7
1.0861592601591817e-7
1.002922893792561e-7
9.295055537987782e-8
8.683165381993269e-8
8.211693829379585e-8
1.9084730507049806e-7
1.854909875456449e-7
1.8422849653956806e-7
1.878141694107589e-7
1.9351763706732616e-7
2.010001163097246e-7
2.0983056607536418e-7
2.1932883741024213e-7
2.2886379142377576e-7
2.3801750174589626e-7
2.465915201839732e-7
2.5453900961277207e-7
2.618875445152799e-7
2.6868253107292707e-7
2.7495730132148296e-7
2.807244687072321e-7
2.8597992569026215e-7
2.9071186275960683e-7
2.949096811656782e-7
2.985701850201644e-7
3.043170973853172e-7
3.0644515161768256e-7
3.0811389759941634e-7
3.101962080799631e-7
3.1066691046896273e-7
3.1058590953566566e-7
3.0926229247074577e-7
3.0817197789135147e-7
3.052038479733828e-7
3.012849621242777e-7
2.9654766508135354e-7
2.882193398789626e-7
2.8205482413632714e-7
2.7554374469715403e-7
2.653437981188639e-7
2.5485976916658036e-7
2.443111290339082e-7
2.3389392321955743e-7
2.2378747810974959e-7
2.141434167467487e-7
2.0218754268867473e-7
1.9137944980326212e-7
1.8174206743609258e-7
1.732385324373078e-7
1.6410708622350504e-7
1.5647957307066809e-7
1.5011296093421437e-7
1.4470128378784386e-7
1.3902686130420192e-7
1.346699082109933e-7
1.287407142671761e-7
1.235498553674099e-7
1.1714154364235566e-7
1.0928971441475089e-7
1.0214098448526885e-7
9.305036655122116e-8
8.548487660501236e-8
7.791785848860648e-8
7.099162038818733e-8
6.572132867198895e-8
1.7062711922624196e-7
1.5531329618409025e-7
1.4536227898026284e-7
1.4162877630140319e-7
1.4131332067400406e-7
1.435172020724408e-7
1.4750392548343203e-7
1.5252019325251024e-7
1.5795133384669728e-7
1.6339870350064594e-7
1.6865828008179867e-7
1.7365615067387714e-7
1.7838388884383154e-7
1.8285282218083136e-7
1.8706985574907978e-7
1.910298892129991e-7
1.9471798643986057e-7
1.9811545635070982e-7
2.0120597328729673e-7
2.0397977664085521e-7
2.085793810937586e-7
2.104243145591036e-7
2.119866221693943e-7
2.143339266042647e-7
2.1515152707879018e-7
2.1613931515323343e-7
2.1632420491412624e-7
2.1613299683071735e-7
2.1521538524563932e-7
2.136335620693292e-7
2.1145872431217287e-7
2.0726344226114993e-7
2.0396432561441107e-7
2.0034909628538173e-7
1.944636870555806e-7
1.881672520490448e-7
1.816000802204938e-7
1.7489690210050061e-7
1.681900572548643e-7
1.615996205221054e-7
1.5315515755886144e-7
1.4523316727133616e-7
1.3790973427726883e-7
1.3122306671960246e-7
1.2379190675763373e-7
1.173917024594359e-7
1.1195802641585536e-7
1.073597119415474e-7
1.0271590587787625e-7
9.939335614434469e-8
9.530732112455674e-8
9.209773096988706e-8
8.841452990601062e-8
8.40070030590716e-8
7.987824567668543e-8
7.425588017217521e-8
6.910727667818514e-8
6.337932763446759e-8
5.746464849856829e-8
5.2383451756051095e-8
1.5448353130269452e-7
1.3140604996194715e-7
1.1453724604665917e-7
1.0492080552282223e-7
9.973192352020307e-8
9.757598079403114e-8
9.746566156186867e-8
9.861288667115006e-8
1.0044381961626603e-7
1.0259360373058829e-7
1.048609799447264e-7
1.0714987107862757e-7
1.0941916779958464e-7
1.1164895181889401e-7
1.1382263249200457e-7
1.159206591998141e-7
1.1792088562537094e-7
1.198016276692556e-7
1.2154487036882305e-7
1.231383613693126e-7
1.2585851717720354e-7
1.2698954445204567e-7
1.2797647036844987e-7
1.2955089380621242e-7
1.301535978831537e-7
1.3101858929681838e-7
1.3145322663066379e-7
1.3151525249006188e-7
1.3134025437959938e-7
1.3078719263206194e-7
1.298894131664194e-7
1.2798607605885394e-7
1.2640745915821188e-7
1.2462493370853765e-7
1.2163457145546118e-7
1.1833680846701017e-7
1.148041533590206e-7
1.111099901704579e-7
1.0732987143287774e-7
1.0353499207205366e-7
9.855271969010315e-8
9.374824511666184e-8
8.918534285076005e-8
8.490965935946408e-8
8.002482360541175e-8
7.569303522034486e-8
7.19161208922355e-8
6.865287582639832e-8
6.532732416304395e-8
6.297450903449589e-8
6.01971922306908e-8
5.816910906566579e-8
5.603361096701898e-8
5.368253665577999e-8
5.1580546876156056e-8
4.872901363355881e-8
4.6019211396966684e-8
4.2802989420522486e-8
3.918973820713785e-8
3.577924193718197e-8
1.4281287887174064e-7
1.1418574844868582e-7
9.265510882572881e-8
7.891999300668504e-8
7.001415475880133e-8
6.437446290211688e-8
6.094602850770618e-8
5.893782070000593e-8
5.7790429864883536e-8
5.7147536449651034e-8
5.680571402953814e-8
5.66593908810008e-8
5.66555445605355e-8
5.676346141793326e-8
5.6958436778711726e-8
5.7215515855549746e-8
5.750905637359062e-8
5.781475756236312e-8
5.811199233762813e-8
5.838534901012098e-8
5.8826469125871446e-8
5.898884774708403e-8
5.911399751514149e-8
5.9264596237135687e-8
5.929554914286099e-8
5.927602764271751e-8
5.9147041642281086e-8
5.90392422903555e-8
5.873258238121724e-8
5.8303634703576085e-8
5.7759261487342367e-8
5.675773934115618e-8
5.5990890187095966e-8
5.516113222392969e-8
5.381845930560731e-8
5.237432123271415e-8
5.084371222835402e-8
4.9247298886927365e-8
4.7612867505701604e-8
4.5970022711138304e-8
4.380849817476628e-8
4.171317798026078e-8
3.9703446661541604e-8
3.7793974549743175e-8
3.557474642401702e-8
3.3571356518859016e-8
3.179621318131815e-8
3.0237699879300624e-8
2.862156883408219e-8
2.7463569603655558e-8
2.609864766620817e-8
2.512632725317056e-8
2.414932829398917e-8
2.3142777166843063e-8
2.230120019665545e-8
2.122269994950052e-8
2.0221179741811755e-8
1.9008478372991568e-8
1.7584547642010964e-8
1.61716406891518e-8
1.4915240936868267e-7
1.2252392252623687e-7
1.0111742389274695e-7
8.672660916279779e-8
7.683076886542993e-8
6.98739006949139e-8
6.484318646196976e-8
6.104438368296227e-8
5.801551272361147e-8
5.5468797111239404e-8
5.323770615404394e-8
5.123154600541017e-8
4.940149212036074e-8
4.771856190670657e-8
4.61614591325859e-8
4.4711268757753804e-8
4.335014694689367e-8
4.206183383872234e-8
4.083260074920873e-8
3.965191164049021e-8
3.741027290922412e-8
3.634309141963184e-8
3.531049322776129e-8
3.334983890539029e-8
3.2421962242348843e-8
3.0668003703774356e-8
2.9039711116907194e-8
2.8267821313514642e-8
2.6798806688872426e-8
2.5419305175588327e-8
2.412164046418308e-8
2.2321671659287907e-8
2.121720424071078e-8
2.018642346647078e-8
1.8768601664993274e-8
1.7486943821366712e-8
1.6321715686980487e-8
1.5258593157329296e-8
1.42894233391036e-8
1.3409244655268732e-8
1.236444674061249e-8
1.144902291018723e-8
1.0640282038062006e-8
9.919171799234057e-9
9.123899096759696e-9
8.435457338159912e-9
7.841026177296515e-9
7.322242371604166e-9
6.773802318158602e-9
6.365084270789572e-9
5.857380214046054e-9
5.474472833732012e-9
5.071580927805587e-9
4.6467637852513814e-9
4.299930082501916e-9
3.890942107884409e-9
3.5571658299787947e-9
3.2043873975785776e-9
2.847621002756413e-9
2.5496972015429002e-9
9.89051947066483e-7
1.3006738462875487e-6
1.5124522881220804e-6
1.670430811234327e-6
1.788338332962016e-6
1.8735246120531783e-6
1.9310781377232143e-6
1.9650596657566572e-6
1.978990714595852e-6
1.976048128211149e-6
1.959129587547438e-6
1.930867503920826e-6
1.8936281821815803e-6
1.849511890650635e-6
1.8003587013694103e-6
1.747760111762201e-6
1.693074771613834e-6
1.6374464658571316e-6
1.5818229156662332e-6
1.526974485252596e-6
1.4219056987537613e-6
1.3724986383669359e-6
1.3255256346831527e-6
1.2393614636487586e-6
1.200222727321873e-6
1.1295346185199503e-6
1.0681130621699001e-6
1.040468844189724e-6
9.903990275962183e-7
9.460633622625791e-7
9.060920327998973e-7
8.517952700276524e-7
8.180722522481174e-7
7.85602680940682e-7
7.384743924167753e-7
6.92820005527941e-7
6.487322355569346e-7
6.066483545117012e-7
5.671062313557745e-7
5.305689867384525e-7
4.869936882949596e-7
4.493546641903515e-7
4.17193230367985e-7
3.8969461019403813e-7
3.604438633741641e-7
3.353044716376023e-7
3.129787131680953e-7
2.92650984890047e-7
2.703480792246714e-7
2.5337141012193926e-7
2.3207353513459475e-7
2.16096344035736e-7
1.9991257370903893e-7
1.841525558350987e-7
1.7224880585868566e-7
1.5889715702348723e-7
1.484627412279927e-7
1.3804457372880404e-7
1.2791535302512215e-7
1.1914348761590229e-7
6.185680137229788e-7
7.810200188281488e-7
8.999627379989496e-7
9.989056966417975e-7
1.082972516484581e-6
1.154296397777585e-6
1.213969714415101e-6
1.2627424616807436e-6
1.3013287927010392e-6
1.3305026833745452e-6
1.3510932741964236e-6
1.3639475631401205e-6
1.3698939920257636e-6
1.3697187272861583e-6
1.3641551974943399e-6
1.353883067002851e-6
1.3395321647473681e-6
1.3216878493012808e-6
1.3008956728005938e-6
1.277664425526952e-6
1.225742929333848e-6
1.1978928275934295e-6
1.1692825392292324e-6
1.1110566341343408e-6
1.0819863080315787e-6
1.0250286486207459e-6
9.70733855481678e-7
9.448846677616596e-7
8.961665837717393e-7
8.516974780181154e-7
8.115775866211444e-7
7.592674762709544e-7
7.29204218570393e-7
7.025059561648346e-7
6.677101303042043e-7
6.37721131652126e-7
6.109639989495798e-7
5.861138322413377e-7
5.621734342521064e-7
5.384914727935621e-7
5.067858874606687e-7
4.749112503591785e-7
4.433618832283678e-7
4.1290937363743423e-7
3.7758279498339757e-7
3.4635741548808964e-7
3.1971945360804597e-7
2.974859911136169e-7
2.756735164638788e-7
2.6051526900675906e-7
2.421970875946483e-7
2.2800188236300756e-7
2.1234025591925374e-7
1.953595632329315e-7
1.8155130972548342e-7
1.657496730252353e-7
1.5373994691502565e-7
1.423123890850751e-7
1.316246978297077e-7
1.2240504805385439e-7
4.6045522733331104e-7
5.481941570653448e-7
6.142863618831216e-7
6.732182174759042e-7
7.26758270294493e-7
7.757005775553146e-7
8.201010103945668e-7
8.597208233866643e-7
8.943749454307875e-7
9.240633153437091e-7
9.489606433046326e-7
9.693522329528466e-7
9.855686520451436e-7
9.979404756071657e-7
1.0067756507489906e-6
1.0123539127766938e-6
1.014930898734112e-6
1.0147458237623967e-6
1.0120287440621094e-6
1.0070054645094416e-6
9.909324999017697e-7
9.80321024627922e-7
9.682754108540755e-7
9.406739452503197e-7
9.254843888351474e-7
8.931447250962156e-7
8.591279480696633e-7
8.417968465881016e-7
8.070084127403271e-7
7.726355552099391e-7
7.39261394547117e-7
6.920382746769757e-7
6.628956404715976e-7
6.358363850205064e-7
5.992868418693649e-7
5.67483193450982e-7
5.400619344232055e-7
5.164893973517191e-7
4.961417259150923e-7
4.783588110388852e-7
4.5750894339495384e-7
4.3862802761431604e-7
4.2055060819150936e-7
4.024707901639822e-7
3.792626649553705e-7
3.553343213312661e-7
3.3116677966888094e-7
3.0751985702868774e-7
2.80951456335158e-7
2.610797261407824e-7
2.374469909717044e-7
2.2110197414865023e-7
2.0590770789480184e-7
1.921350027996714e-7
1.818460324200945e-7
1.6952917579038098e-7
1.5873654081679382e-7
1.467121022458186e-7
1.341084340135608e-7
1.230578317941449e-7
3.851402336441658e-7
4.327767651334946e-7
4.686499641182207e-7
5.031012735281179e-7
5.359814903888603e-7
5.677527652374528e-7
5.982979640620701e-7
6.271055264379113e-7
6.536641283317476e-7
6.776579796486487e-7
6.989856278550531e-7
7.176980582245362e-7
7.339240474172917e-7
7.478139333279887e-7
7.595087126476916e-7
7.691297773192252e-7
7.767812185661083e-7
7.82557419091185e-7
7.865509583724897e-7
7.888582289436962e-7
7.888311643257783e-7
7.867188839217688e-7
7.833595417532191e-7
7.733465788662536e-7
7.669045574988914e-7
7.516313526425836e-7
7.337411224674859e-7
7.240076679292334e-7
7.033143792044077e-7
6.814177765547556e-7
6.587990638411348e-7
6.244547454750142e-7
6.018140007988601e-7
5.797209034713683e-7
5.480783154934078e-7
5.186694153243366e-7
4.917837972305382e-7
4.6754747878149143e-7
4.459621355026609e-7
4.269248411228132e-7
4.051590093602423e-7
3.869187008240226e-7
3.7143130974098857e-7
3.5791440741646345e-7
3.427163336820611e-7
3.2835504901105685e-7
3.1400257434672775e-7
2.9916299626673274e-7
2.805174124384573e-7
2.644894385345715e-7
2.421046046078234e-7
2.2383029436836205e-7
2.0451105262586155e-7
1.8584710813239996e-7
1.727054037936936e-7
1.5970735856014047e-7
1.5083797727490154e-7
1.4246858519865914e-7
1.337699302092196e-7
1.2493780796401616e-7
3.452580652036115e-7
3.697791861511158e-7
3.8727936412087174e-7
4.061361199459646e-7
4.253819782623534e-7
4.4529866482986843e-7
4.656727247297983e-7
4.858736262996458e-7
5.052574339682497e-7
5.23380771381714e-7
5.400281051105488e-7
5.55150220636783e-7
5.687865678666685e-7
5.810056853475819e-7
5.918718703459978e-7
6.01433582591786e-7
6.097252273448904e-7
6.16774665121321e-7
6.226111769988835e-7
6.27271109433796e-7
6.332539983656103e-7
6.346941132998984e-7
6.351866131012268e-7
6.335934467877093e-7
6.316337523711567e-7
6.256720171187494e-7
6.173170514358411e-7
6.123541995206176e-7
6.010668595885031e-7
5.882357793192836e-7
5.741834692853112e-7
5.514952464491731e-7
5.357126420188781e-7
5.196934727414969e-7
4.956612416942193e-7
4.721025478351843e-7
4.494338242062628e-7
4.279734677135549e-7
4.0795781038174844e-7
3.895406658069401e-7
3.675778073667506e-7
3.4851878045932915e-7
3.3213349808588054e-7
3.1809496418711023e-7
3.032869069865291e-7
2.9082249093420893e-7
2.7993834273983873e-7
2.6990956211658e-7
2.5816706098540914e-7
2.4815939984223187e-7
2.33457577777951e-7
2.2022867643429e-7
2.0439443406067827e-7
1.865363372704457e-7
1.7191806601096658e-7
1.5546846939799053e-7
1.4347769867920846e-7
1.328598767893741e-7
1.2400362352251418e-7
1.1721918585760769e-7
3.021633760139526e-7
3.0486935981505386e-7
3.078304338460471e-7
3.1490825347165407e-7
3.236719306033011e-7
3.3461256665172445e-7
3.475345555660958e-7
3.6156260649482134e-7
3.7576453138810155e-7
3.894893273914148e-7
4.024134294703295e-7
4.144481771071293e-7
4.256226910234061e-7
4.359955245219137e-7
4.456073788237655e-7
4.54467337363432e-7
4.62559226415096e-7
4.69856002289122e-7
4.7633395189983107e-7
4.819825006269695e-7
4.9083565460482e-7
4.941009408299834e-7
4.966493263390497e-7
4.997853514566397e-7
5.004616734756104e-7
5.002142987676607e-7
4.98018572345961e-7
4.962471880573769e-7
4.914634153461092e-7
4.851778381079433e-7
4.775963743551824e-7
4.6428410443246764e-7
4.544349402434776e-7
4.440320431108937e-7
4.27729898581051e-7
4.1096080972897005e-7
3.940700316918305e-7
3.7736810535895404e-7
3.611414407489571e-7
3.4563395745500446e-7
3.2637373234105333e-7
3.0892329722030155e-7
2.933257956835631e-7
2.7952967679702667e-7
2.646764931363009e-7
2.522405638067426e-7
2.4184793219102025e-7
2.3301925881611488e-7
2.2379158140529532e-7
2.167451849683331e-7
2.0722461657134854e-7
1.989465805565244e-7
1.8876790033651716e-7
1.7630689833380496e-7
1.6493945142122105e-7
1.504264165382759e-7
1.3828169048938227e-7
1.2605731741354294e-7
1.1478427862807454e-7
1.0614326995326705e-7
2.880813657329371e-7
2.8136894525727675e-7
2.760448154573845e-7
2.7587289660561444e-7
2.7836219629716826e-7
2.8365018798383424e-7
2.913450524667865e-7
3.0052589997445884e-7
3.1027803465447526e-7
3.199734915308071e-7
3.2929561687500266e-7
3.381454432202538e-7
3.465310404035188e-7
3.5448606992681183e-7
3.620271177995264e-7
3.6914197594586936e-7
3.7579618754193666e-7
3.8194664664949445e-7
3.875547487566139e-7
3.9259531665840274e-7
4.0095830538989943e-7
4.0431055807720595e-7
4.0714643097912573e-7
4.1139783269966336e-7
4.128729012164564e-7
4.1463786957356954e-7
4.1492652770430464e-7
4.1454618139844126e-7
4.127894995699778e-7
4.0979063162974235e-7
4.056781844330987e-7
3.9775324288061387e-7
3.9152315454687e-7
3.8469569107275233e-7
3.735751622987763e-7
3.6166329971958676e-7
3.4921726423034196e-7
3.364877329532899e-7
3.237250075327909e-7
3.111585645366479e-7
2.9501911675981156e-7
2.7983486883562083e-7
2.657536844735367e-7
2.528539977601689e-7
2.3846517618828803e-7
2.2602528733491434e-7
2.154284527873716e-7
2.0643670373903142e-7
1.9734379887859557e-7
1.9084720026880643e-7
1.8290419727515657e-7
1.7672801920837906e-7
1.6971687564565773e-7
1.6140344954867726e-7
1.5365190526269637e-7
1.4309999427884765e-7
1.3339899659631472e-7
1.2252779990843493e-7
1.111952898130966e-7
1.0135784248763819e-7
2.768331263584729e-7
2.6254811827968957e-7
2.5111855796381237e-7
2.4577578486559814e-7
2.438036969391828e-7
2.450864351057227e-7
2.4907890458809826e-7
2.547984546366066e-7
2.6131943449142853e-7
2.680216373065569e-7
2.745973305458625e-7
2.809508162929076e-7
2.870869359857641e-7
2.9303129182807566e-7
2.987897694087451e-7
3.043386126387712e-7
3.096320944192797e-7
3.1461662918600997e-7
3.1924400430033407e-7
3.2348014737033597e-7
3.307297257133713e-7
3.3375669167262003e-7
3.3641072776974555e-7
3.4069621125319953e-7
3.4237098409228465e-7
3.4486107957830606e-7
3.462588231963224e-7
3.4655910913412216e-7
3.4638239356040055e-7
3.452132053439759e-7
3.4313265962628005e-7
3.3853763409546464e-7
3.346552378655743e-7
3.3023333111804555e-7
3.227556481570184e-7
3.1443992940382953e-7
3.0546046280807083e-7
2.9600158426861975e-7
2.8626246656539457e-7
2.7643589457303244e-7
2.6347103651555435e-7
2.5090098145359934e-7
2.3889196114430187e-7
2.27566296591133e-7
2.1453504487786956e-7
2.0289774401672688e-7
1.9268898512613256e-7
1.8381802687113773e-7
1.747250990870923e-7
1.682662062309222e-7
1.6064744958615512e-7
1.5512843272965945e-7
1.493994203685244e-7
1.4320958283598318e-7
1.3777048192142353e-7
1.3048769092350325e-7
1.2359267447461087e-7
1.1535201409563264e-7
1.0596991417421307e-7
9.697690875930013e-8
2.685864197682588e-7
2.4789622839875184e-7
2.324920524912107e-7
2.2374163993235448e-7
2.183206773222296e-7
2.164164467291125e-7
2.1761234482959096e-7
2.2085541314167287e-7
2.250995976078266e-7
2.2964080610692356e-7
2.341421236619687e-7
2.385177035793203e-7
2.427982927730607e-7
2.470338929898425e-7
2.5124437736988273e-7
2.5540787355823785e-7
2.5947105983206594e-7
2.6336753557207654e-7
2.6703509874794734e-7
2.704273981303062e-7
2.7630422591057543e-7
2.787937445302044e-7
2.8100757426632647e-7
2.8470237254288806e-7
2.862243181549361e-7
2.8867939676641865e-7
2.9037057890446803e-7
2.909260202172704e-7
2.9144609493643854e-7
2.911865196713306e-7
2.901939708591835e-7
2.8751045914715766e-7
2.8505855370638946e-7
2.821675707900835e-7
2.771225813757958e-7
2.7132701471706887e-7
2.648751695615399e-7
2.5788858822636183e-7
2.5052380300765694e-7
2.4294588805853135e-7
2.327486129128866e-7
2.2264316883799714e-7
2.1275999557384528e-7
2.0320464205928955e-7
1.9190307246424636e-7
1.8152023995925562e-7
1.7217388641545812e-7
1.6385266688947545e-7
1.5511263281353526e-7
1.4878648002445322e-7
1.4128028321037903e-7
1.3593505194346763e-7
1.3063299145889574e-7
1.2532501169167276e-7
1.2103311083788615e-7
1.1569517998818455e-7
1.1082944831769314e-7
1.0494469409471215e-7
9.792719673057393e-8
9.075355182780865e-8
2.781268356620634e-7
2.5836950110410654e-7
2.42854276316557e-7
2.333650478701544e-7
2.2676257489470043e-7
2.2343722559870963e-7
2.2308856879780132e-7
2.2471434871796689e-7
2.2729069213382217e-7
2.3012904933949104e-7
2.329093533181328e-7
2.3556443910039472e-7
2.381435808802606e-7
2.4071317254730526e-7
2.433062494980679e-7
2.459106841958566e-7
2.4847989928398073e-7
2.5095192080700957e-7
2.5326735018223767e-7
2.5538157971799617e-7
2.5892826078095807e-7
2.603665317248815e-7
2.6160493643157416e-7
2.6357388395448244e-7
2.6434317964547504e-7
2.6550519135063106e-7
2.661718787532276e-7
2.6630973162330607e-7
2.6617121654908934e-7
2.654716389401782e-7
2.6423803708252453e-7
2.6152449255387576e-7
2.592463324550628e-7
2.566622929349612e-7
2.522868564998401e-7
2.4735825081739576e-7
2.4191554277526947e-7
2.3603212789468177e-7
2.2982341303113439e-7
2.2341909990430538e-7
2.147609858188732e-7
2.061088029854046e-7
1.9754435935137054e-7
1.8914094434684318e-7
1.7902230011358487e-7
1.695366997410559e-7
1.6082015627688177e-7
1.5288968066886806e-7
1.4435310407335642e-7
1.3802591327203445e-7
1.3035803070224528e-7
1.2482082855414324e-7
1.1934202867062887e-7
1.1400926540570225e-7
1.0992168932152592e-7
1.0520950488269806e-7
1.0123833161062778e-7
9.666214456454652e-8
9.128820426440278e-8
8.57074549540078e-8
