2.9885392732855015e-8
1.0951013966553022e-8
-8.329598507526437e-9
-2.4549683806492736e-8
-3.790734963779612e-8
-4.902113469599562e-8
-5.837669644205401e-8
-6.628754496004306e-8
-7.294646547967557e-8
-7.847623388024379e-8
-8.296429370161242e-8
-8.648332966258456e-8
-8.91022721210253e-8
-9.089146210558324e-8
-9.19244720128399e-8
-9.227810817060965e-8
-9.203148558530392e-8
-9.126468249312637e-8
-9.005726314089424e-8
-8.848683444656127e-8
-8.454989583857513e-8
-8.231794848152325e-8
-7.999051236775796e-8
-7.525103653605499e-8
-7.292302036603942e-8
-6.851012763215279e-8
-6.456054147008333e-8
-6.279031919158019e-8
-5.967800584516743e-8
-5.711679872370973e-8
-5.504347536758493e-8
-5.264164298917537e-8
-5.135697125896851e-8
-5.0204828597857146e-8
-4.853554060487248e-8
-4.675150199894035e-8
-4.474381060727952e-8
-4.250124423705253e-8
-4.008419743825566e-8
-3.7592947776928336e-8
-3.434544654821212e-8
-3.138218606096489e-8
-2.8836207984920575e-8
-2.6743278219778457e-8
-2.469525055686717e-8
-2.3111410610230152e-8
-2.179671090559509e-8
-2.0597955814131143e-8
-1.9195767551166543e-8
-1.8035261037493688e-8
-1.6468557522335815e-8
-1.524248032067943e-8
-1.4000467949900443e-8
-1.2830828253469771e-8
-1.1982373831635952e-8
-1.1048515209075276e-8
-1.0309619268901402e-8
-9.550762635864013e-9
-8.795304170676885e-9
-8.138184300877289e-9
-5.194798671864988e-8
-9.176670253606257e-8
-1.2360953428832354e-7
-1.4892574453739597e-7
-1.6928276671060873e-7
-1.8580535608502025e-7
-1.9923401728740869e-7
-2.1006766939702651e-7
-2.186673354283814e-7
-2.2531577890585665e-7
-2.3024831272109697e-7
-2.3366801581340749e-7
-2.3575353000881607e-7
-2.3666369067294202e-7
-2.365408824898027e-7
-2.3551379494545158e-7
-2.336997271108538e-7
-2.3120642881558754e-7
-2.2813346262775041e-7
-2.2457311798435995e-7
-2.163260699160021e-7
-2.1179121307352474e-7
-2.0707280586783015e-7
-1.9731959654824495e-7
-1.9238646226655361e-7
-1.8261675988285328e-7
-1.7319103648221954e-7
-1.68669224828437e-7
-1.6009345500646033e-7
-1.5221236552635555e-7
-1.450674439363945e-7
-1.3572258758651525e-7
-1.303524840546806e-7
-1.255972400853719e-7
-1.1944323882875033e-7
-1.1420413906221565e-7
-1.0959227307375834e-7
-1.0535243907436463e-7
-1.0128123135357881e-7
-9.723623026796009e-8
-9.175214671627515e-8
-8.613478702405086e-8
-8.047012820719986e-8
-7.49164251197398e-8
-6.839615228111966e-8
-6.260053154638771e-8
-5.767364297838003e-8
-5.361288076752856e-8
-4.971390105081909e-8
-4.706411591017674e-8
-4.3898348051735765e-8
-4.1424307184115994e-8
-3.8630382255911906e-8
-3.552064727295854e-8
-3.295471826033711e-8
-3.0020717700650355e-8
-2.7823226582963676e-8
-2.5773119257690676e-8
-2.3878803003192025e-8
-2.22329996320101e-8
-4.4510475892616815e-8
-6.616528331040788e-8
-8.195214471252526e-8
-9.403673269906744e-8
-1.036715111692679e-7
-1.1164711718385113e-7
-1.18379625127469e-7
-1.240761115873438e-7
-1.2885260202473885e-7
-1.3279385973628046e-7
-1.3597604975833183e-7
-1.3847161699734562e-7
-1.4034805602919415e-7
-1.4166607719421545e-7
-1.424790045267924e-7
-1.4283347736838419e-7
-1.4277090819083378e-7
-1.4232910483220827e-7
-1.4154364502182811e-7
-1.404488080781335e-7
-1.3746404331555116e-7
-1.3563859413433273e-7
-1.3363225769694521e-7
-1.2919125073292966e-7
-1.2680907045760126e-7
-1.2183737079377758e-7
-1.167204922991435e-7
-1.1414989483210762e-7
-1.09054582188842e-7
-1.0409737248798718e-7
-9.935268381972936e-8
-9.275062015501648e-8
-8.874157911918063e-8
-8.506478674427354e-8
-8.017022439453078e-8
-7.597887537095025e-8
-7.24118855361371e-8
-6.937060749093477e-8
-6.674852609819427e-8
-6.443926198506249e-8
-6.167481242458545e-8
-5.90838003965716e-8
-5.651326445166895e-8
-5.3873305547746564e-8
-5.0438921493685924e-8
-4.6910335676191867e-8
-4.341118098408995e-8
-4.008315203022752e-8
-3.6484639529243655e-8
-3.3904599448487706e-8
-3.097060984671374e-8
-2.901980254837333e-8
-2.722744922763396e-8
-2.5539973278736243e-8
-2.4176287069526257e-8
-2.242112204331844e-8
-2.0842981236013532e-8
-1.9127138783771707e-8
-1.7429367218843646e-8
-1.6037113185157478e-8
-2.86125620800913e-8
-3.416563868790352e-8
-3.6384557439220324e-8
-3.730340328927293e-8
-3.7687435518688495e-8
-3.7914185323492445e-8
-3.812533587606241e-8
-3.834710872940966e-8
-3.856487275664308e-8
-3.8758349914085165e-8
-3.891337788926875e-8
-3.902285317810217e-8
-3.9084190704921064e-8
-3.909669798796595e-8
-3.905997366248548e-8
-3.897334896859729e-8
-3.883600767386062e-8
-3.864739095956652e-8
-3.840760340845474e-8
-3.811767013624865e-8
-3.739630285644743e-8
-3.69713526330205e-8
-3.650876826599468e-8
-3.548750504419347e-8
-3.493705638946241e-8
-3.377549225129293e-8
-3.255531381361851e-8
-3.193075122410286e-8
-3.066625228119925e-8
-2.939803104100114e-8
-2.814480404292273e-8
-2.6329039117612106e-8
-2.5180782479516054e-8
-2.409377085724712e-8
-2.259078413910636e-8
-2.1248144171143443e-8
-2.006497443952543e-8
-1.9033909693397828e-8
-1.814330258767018e-8
-1.7378157234037366e-8
-1.652204871594773e-8
-1.5810063878997225e-8
-1.519466599543768e-8
-1.4633612769574561e-8
-1.3959076644094051e-8
-1.3275392528282965e-8
-1.2561966457046687e-8
-1.1817184685224902e-8
-1.0902360416232278e-8
-1.0151517495956551e-8
-9.17260631671551e-9
-8.439486565414846e-9
-7.730816073087043e-9
-7.107587785570275e-9
-6.696070250490221e-9
-6.285633312787368e-9
-5.96872083502857e-9
-5.60953983701917e-9
-5.185986809552666e-9
-4.758585188880897e-9
-1.9600538489408622e-8
-1.8154921733808347e-8
-1.5579991975732445e-8
-1.3223101160514644e-8
-1.1306182975352019e-8
-9.828267740190682e-9
-8.715826627627086e-9
-7.881716949374803e-9
-7.250042451154142e-9
-6.7631874780354945e-9
-6.3805295262978815e-9
-6.074341282239642e-9
-5.8256097837320565e-9
-5.6208095061990925e-9
-5.449786840585171e-9
-5.304543841574116e-9
-5.178617991520113e-9
-5.066791958808638e-9
-4.964946765013953e-9
-4.869950177070062e-9
-4.6921374659309865e-9
-4.606765332546164e-9
-4.522812472648366e-9
-4.357935690835781e-9
-4.276690298491233e-9
-4.116046844821129e-9
-3.957171223785356e-9
-3.87815949089519e-9
-3.720742281348522e-9
-3.5643055493822742e-9
-3.409670423039071e-9
-3.1840101949337265e-9
-3.039823113590119e-9
-2.9019601689859836e-9
-2.708434052967282e-9
-2.5315255316372903e-9
-2.37122277597166e-9
-2.227343461852734e-9
-2.099744814148727e-9
-1.9880879751524433e-9
-1.8624459109302114e-9
-1.7598763576619724e-9
-1.675562309406867e-9
-1.604787654187774e-9
-1.529539181088446e-9
-1.4635612999951216e-9
-1.401866746008835e-9
-1.3401413817956358e-9
-1.2621856158112534e-9
-1.1934586913543044e-9
-1.09460035557849e-9
-1.0115368869904899e-9
-9.209888874727102e-10
-8.302379272699874e-10
-7.649173054063595e-10
-7.01360970319496e-10
-6.60488116852373e-10
-6.244362163957869e-10
-5.890290816489478e-10
-5.541315475213106e-10
-1.960661102113244e-8
-1.620995728471543e-8
-1.247126915926215e-8
-9.512668976461265e-9
-7.311865698750035e-9
-5.69675469388695e-9
-4.505596727599081e-9
-3.6143063211490356e-9
-2.934578467568584e-9
-2.4058017159223035e-9
-1.9869882289298547e-9
-1.6503595205501365e-9
-1.3767526495323055e-9
-1.1525439872428447e-9
-9.67690475566583e-10
-8.145286809029594e-10
-6.870539742878949e-10
-5.804853264042676e-10
-4.909900609920645e-10
-4.154937371445304e-10
-2.971433986391432e-10
-2.507404651777899e-10
-2.1104881642660237e-10
-1.4778900131099225e-10
-1.2260906322008747e-10
-8.194068872814427e-11
-5.083621553481655e-11
-3.7850515397543194e-11
-1.5471358846832134e-11
3.5769287530172417e-12
2.043998181322306e-11
4.2884551889196665e-11
5.627319556188549e-11
6.847449112056762e-11
8.45837038691059e-11
9.811362891180663e-11
1.0910868887128612e-10
1.1754459723478981e-10
1.2335211165717099e-10
1.2651639302045372e-10
1.2688387723810587e-10
1.2360289677618613e-10
1.177584378716633e-10
1.1035940357779061e-10
9.99900909755578e-11
8.915633367869561e-11
7.852548845822835e-11
6.878723273473455e-11
5.904304451074237e-11
5.271847531232298e-11
4.6082530085666214e-11
4.172528503339628e-11
3.757471346416464e-11
3.368539922541626e-11
3.067056445024648e-11
2.6703064674273527e-11
2.2925803587354938e-11
1.877985259792614e-11
1.4707257144143928e-11
1.1142078357777672e-11
-1.5642045771173692e-8
-1.1052570570151464e-8
-7.370878260534213e-9
-4.9363256182058605e-9
-3.3736824936422586e-9
-2.3676881249378166e-9
-1.7083807565424743e-9
-1.2640517743194385e-9
-9.54136064950282e-10
-7.299487841794416e-10
-5.621459007376137e-10
-4.3289211138987196e-10
-3.3110984738243556e-10
-2.496701103617698e-10
-1.8377008021945318e-10
-1.3001429185979906e-10
-8.589962391433383e-11
-4.9524207879266e-11
-1.9416365233796814e-11
5.573715353950416e-12
4.362461068618867e-11
5.796890567103818e-11
6.984334026462852e-11
8.764488527541298e-11
9.416873470927068e-11
1.0367333680173889e-10
1.0974201370778174e-10
1.1188187910932374e-10
1.1496903096765912e-10
1.1702992955160202e-10
1.1850705524902916e-10
1.2011144265430357e-10
1.208998853570102e-10
1.2148840215579642e-10
1.2199150775515914e-10
1.2201859679083704e-10
1.2153163448338196e-10
1.204691080973183e-10
1.187628679317335e-10
1.1637510898057108e-10
1.121821300497676e-10
1.0706086112046131e-10
1.0135712878664497e-10
9.539830198337927e-11
8.793712818037276e-11
8.070789839760785e-11
7.39056414091977e-11
6.771966293775787e-11
6.130018780706095e-11
5.679591557732538e-11
5.152825446377302e-11
4.7667587581811997e-11
4.365558267887809e-11
3.957022633322283e-11
3.6345417585754167e-11
3.252422104193487e-11
2.937436226189179e-11
2.6190692578745153e-11
2.319330023330946e-11
2.0681769428162792e-11
-1.3018207107668657e-8
-7.922787089004233e-9
-4.4965184807262716e-9
-2.5258695668306203e-9
-1.4252052878859954e-9
-8.151224536581674e-10
-4.763516813067345e-10
-2.862022078563548e-10
-1.7721041420568965e-10
-1.1276298256486053e-10
-7.316615786392752e-11
-4.7842090440564114e-11
-3.10453354989239e-11
-1.9565093410291078e-11
-1.1523103725257366e-11
-5.759471335625613e-12
-1.5233807446619631e-12
1.6842572570496231e-12
4.195520198150963e-12
6.2264444854064e-12
9.33214432272784e-12
1.0532340660637629e-11
1.1538332348151158e-11
1.3032434119693239e-11
1.3550551591010529e-11
1.4218240287302903e-11
1.4530651051305905e-11
1.4602952004522782e-11
1.4658683150936655e-11
1.4663741302356246e-11
1.4657733237140178e-11
1.4637746759471157e-11
1.4604650767879862e-11
1.4547989833381855e-11
1.4421163109113199e-11
1.4260311149872015e-11
1.4078579004063533e-11
1.3871193241897723e-11
1.3620116875903008e-11
1.3307990382362883e-11
1.2789332491635866e-11
1.217771439541615e-11
1.1517604977895012e-11
1.0846379773595303e-11
1.0019622377855292e-11
9.218918640401733e-12
8.460139984918461e-12
7.768132156059972e-12
7.052394254503127e-12
6.551172892156054e-12
5.960814749356868e-12
5.523750903631476e-12
5.0701760293730186e-12
4.6131978863815595e-12
4.253610482340233e-12
3.824995404934714e-12
3.4715784628559497e-12
3.1163342981633686e-12
2.7809349230127006e-12
2.49703697864263e-12
-1.0642867523167157e-8
-5.336492838359443e-9
-2.230050430292319e-9
-6.771655551321574e-10
4.5094407799014053e-11
3.455375970160668e-10
4.3878990714617897e-10
4.3481170255407523e-10
3.887921815576632e-10
3.2772479910422834e-10
2.643454071512502e-10
2.043348150886908e-10
1.4996825092200595e-10
1.0191953304366758e-10
6.01289503885271e-11
2.421061428201896e-11
-6.358359130417119e-12
-3.2148058182452524e-11
-5.373011191827086e-11
-7.165209102099833e-11
-9.850089806282809e-11
-1.0829662565282129e-10
-1.1616647891511845e-10
-1.273179676584713e-10
-1.310896051598308e-10
-1.359924603918189e-10
-1.3835576483427517e-10
-1.388762477310615e-10
-1.3903443175589151e-10
-1.3844792404142928e-10
-1.374830596159786e-10
-1.3578744503419125e-10
-1.346353663823057e-10
-1.3349698603751978e-10
-1.317821996539345e-10
-1.2996809679252612e-10
-1.2794358130370142e-10
-1.256096509401705e-10
-1.2289097229603405e-10
-1.1974732201847365e-10
-1.1490889260383218e-10
-1.0945859088120222e-10
-1.0361582451257429e-10
-9.761190896491848e-11
-9.016054184469112e-11
-8.29959137244444e-11
-7.629404021956932e-11
-7.020261812258572e-11
-6.383606209474435e-11
-5.932020800727351e-11
-5.400299388709797e-11
-5.011549225181728e-11
-4.61002724061103e-11
-4.201985903699526e-11
-3.879868458405257e-11
-3.499938060442019e-11
-3.1882662585803664e-11
-2.8719903354691148e-11
-2.5710640050096832e-11
-2.3177160813107307e-11
-4.821286962686236e-9
9.547347910723616e-10
3.5267357362016026e-9
4.294958754626829e-9
4.228107251053387e-9
3.813399427753734e-9
3.281955100073918e-9
2.7386600752961238e-9
2.2280169465010853e-9
1.7664940628327942e-9
1.3580132555258074e-9
1.0011296360707677e-9
6.922360791007283e-10
4.2694472706208587e-10
2.0067805753963243e-10
8.937963499020469e-12
-1.5255190567346283e-10
-2.8775899760695303e-10
-4.002882770653152e-10
-4.933566359337318e-10
-6.320536547499704e-10
-6.822639831277877e-10
-7.222509590779792e-10
-7.776416270924279e-10
-7.955894144272519e-10
-8.171633631988291e-10
-8.250738241487939e-10
-8.255496440247194e-10
-8.220331543352304e-10
-8.149608690479389e-10
-8.062910302300831e-10
-7.925876587376764e-10
-7.836340016374884e-10
-7.749342300782409e-10
-7.621694221937722e-10
-7.492972649274078e-10
-7.35740706654662e-10
-7.209153290261872e-10
-7.043108911462974e-10
-6.856026857816993e-10
-6.573394568498819e-10
-6.259133381695144e-10
-5.92502179052158e-10
-5.58345580489056e-10
-5.160687082880698e-10
-4.754376451896089e-10
-4.3740578427309863e-10
-4.028125212873209e-10
-3.666238929899992e-10
-3.409174628174255e-10
-3.105947762734892e-10
-2.884141342652774e-10
-2.655474197109276e-10
-2.4237243521938076e-10
-2.240972687106198e-10
-2.0254180996577574e-10
-1.8486602717949462e-10
-1.6692509455734968e-10
-1.4980936230156558e-10
-1.3535208279155077e-10
6.356050117344705e-7
8.494636076616822e-7
9.924646943858848e-7
1.096186805248028e-6
1.1713921757020817e-6
1.2239762362267031e-6
1.257913574686189e-6
1.2762497722379143e-6
1.2815261887398393e-6
1.275967501632945e-6
1.261559745386294e-6
1.2400799987304677e-6
1.2131077709916667e-6
1.1820318906894598e-6
1.148058300645084e-6
1.1122201342130507e-6
1.0753897782605519e-6
1.0382921430316401e-6
1.001518393310542e-6
9.65539600555473e-7
8.973296039495373e-7
8.655563411460502e-7
8.355172927934881e-7
7.808194856448933e-7
7.561333407362733e-7
7.117610710934369e-7
6.733625221552708e-7
6.560982628223042e-7
6.247936471812865e-7
5.969561050830272e-7
5.716857880427279e-7
5.370058572160995e-7
5.152587097015837e-7
4.942040350223494e-7
4.6354474117043354e-7
4.338733176900088e-7
4.05372427129595e-7
3.7838738657031367e-7
3.5327239080512845e-7
3.302906149413234e-7
3.031604200447362e-7
2.799329191713305e-7
2.601718689340168e-7
2.4326173432082703e-7
2.2515996752532287e-7
2.0944363319518694e-7
1.9536451328139515e-7
1.8249580071651317e-7
1.68402750330469e-7
1.577391534202518e-7
1.444666067004461e-7
1.3457895678013521e-7
1.2459343493386994e-7
1.1485583831862472e-7
1.0746966932628205e-7
9.915279714750268e-8
9.26465162614872e-8
8.616385820169716e-8
7.988122967312576e-8
7.445008831320475e-8
2.734262008373444e-7
3.4576538457440167e-7
3.9911947581920833e-7
4.4362264694259257e-7
4.812143987479027e-7
5.127156407387041e-7
5.386253296670669e-7
5.5934919761544e-7
5.752885896489719e-7
5.868628373915266e-7
5.945020322233463e-7
5.986317163782466e-7
5.996597481777945e-7
5.979685331099036e-7
5.939122474293893e-7
5.878173943345739e-7
5.799849663979894e-7
5.706929299351885e-7
5.601982924136828e-7
5.487384716359718e-7
5.237787035345692e-7
5.106597436055951e-7
4.973374952911147e-7
4.706396418435215e-7
4.5749702508530894e-7
4.3207905781424886e-7
4.082446765135048e-7
3.9703147773014543e-7
3.7613460509296393e-7
3.5733307357609354e-7
3.405938847574655e-7
3.190698570412334e-7
3.068269711504117e-7
2.9599686044631865e-7
2.818540944881185e-7
2.695086094235666e-7
2.582418399809174e-7
2.474931244634501e-7
2.3688288899245065e-7
2.2620759669975591e-7
2.1179954834267992e-7
1.9737238684433467e-7
1.8330107671965446e-7
1.7000953255637152e-7
1.5502642778516123e-7
1.4221366893852248e-7
1.3159944980531515e-7
1.2291035590892977e-7
1.1440206411592586e-7
1.0836639874035997e-7
1.007805353134818e-7
9.466693974676818e-8
8.780544810143073e-8
8.04274351282144e-8
7.458427576857404e-8
6.811389858066128e-8
6.332197324993165e-8
5.878586526176963e-8
5.446981414880663e-8
5.06479693645634e-8
1.1708471249140781e-7
1.1849489441031998e-7
1.187306617519908e-7
1.211545262251504e-7
1.2497800728799234e-7
1.2944978408486618e-7
1.3401747703127527e-7
1.3830723520848424e-7
1.4209422159540903e-7
1.4526639363985043e-7
1.4778780877986982e-7
1.4966780473311272e-7
1.5093882534263478e-7
1.5164260874658785e-7
1.5182290003907173e-7
1.5152248192766212e-7
1.507826048353474e-7
1.4964343264195512e-7
1.4814465932686953e-7
1.4632588306836367e-7
1.418859883454682e-7
1.3934223422595004e-7
1.3663214510780072e-7
1.3084987160652868e-7
1.278399378049307e-7
1.2171770125945776e-7
1.1560773011469504e-7
1.1260375295190683e-7
1.0677125165436296e-7
1.0124830031741992e-7
9.610215544529627e-8
8.917780253869919e-8
8.511557611661381e-8
8.149168804430355e-8
7.682838257354183e-8
7.298602725106465e-8
6.981774711087814e-8
6.716588513414626e-8
6.487664704479372e-8
6.280952550554968e-8
6.019337408581419e-8
5.7542538931354514e-8
5.4729266133239995e-8
5.171704687863504e-8
4.7741064827948975e-8
4.37138658294537e-8
3.9867639250984886e-8
3.6403964864987916e-8
3.292900660026874e-8
3.06444766425237e-8
2.8282986111578808e-8
2.6834168719908798e-8
2.550006283280818e-8
2.4074404743578147e-8
2.2720857979477232e-8
2.0802154250278148e-8
1.905796283328233e-8
1.7263098580774396e-8
1.5661533363653613e-8
1.449873054762013e-8
5.243610203643038e-8
2.6813026886464725e-8
5.266007237151964e-9
-1.086807079422437e-8
-2.3043857684922635e-8
-3.255095296375277e-8
-4.023171942141857e-8
-4.6600486970064096e-8
-5.1974124263852754e-8
-5.655797381139349e-8
-6.049434398999953e-8
-6.388793635993135e-8
-6.681890204083718e-8
-6.934987595804684e-8
-7.15302844279365e-8
-7.33994322013848e-8
-7.498895533426515e-8
-7.632481950027736e-8
-7.742890404948147e-8
-7.83201922641012e-8
-7.953056186830918e-8
-7.987927828428698e-8
-8.007497877400028e-8
-8.005574782420458e-8
-7.98629560024635e-8
-7.91607319212812e-8
-7.809510388971649e-8
-7.74461103318891e-8
-7.595242948005077e-8
-7.424312309271236e-8
-7.236890407440582e-8
-6.934918300904477e-8
-6.725695943000438e-8
-6.514293470923697e-8
-6.199503718313218e-8
-5.8945014202374753e-8
-5.6052504613008775e-8
-5.335937163000397e-8
-5.08923364928515e-8
-4.8664731827867096e-8
-4.606787865895427e-8
-4.3873529548298606e-8
-4.203347920577636e-8
-4.048496678897264e-8
-3.885340653400283e-8
-3.7432681428894e-8
-3.609776910991584e-8
-3.4746814318253704e-8
-3.3011207391154144e-8
-3.14400695200524e-8
-2.9082316593363795e-8
-2.6999553355503073e-8
-2.4636929810259162e-8
-2.220335205073624e-8
-2.042001109308985e-8
-1.8659355715875887e-8
-1.754474944702049e-8
-1.6639850613974628e-8
-1.5825047453990075e-8
-1.499477765511207e-8
3.0923302718743854e-8
3.1861930008063438e-9
-1.8663211239089714e-8
-3.474555379624549e-8
-4.685616248627555e-8
-5.641539419097069e-8
-6.42874576679152e-8
-7.096046747164099e-8
-7.671361758519833e-8
-8.171938010971931e-8
-8.609620943039998e-8
-8.993284930990613e-8
-9.329883864763332e-8
-9.624931395298409e-8
-9.882790449339713e-8
-1.010691470096416e-7
-1.0300074197239792e-7
-1.0464557434480157e-7
-1.0602336078255938e-7
-1.0715185058447704e-7
-1.0872634660996796e-7
-1.0920323113264437e-7
-1.0949273037953855e-7
-1.0956393914913716e-7
-1.0937087518122368e-7
-1.0858453311205996e-7
-1.0733247111009398e-7
-1.0655513271372468e-7
-1.0474084782972317e-7
-1.0263426251413663e-7
-1.0029647225895783e-7
-9.647947225764959e-8
-9.380181700830342e-8
-9.106939199622749e-8
-8.694877296201678e-8
-8.289212669739863e-8
-7.897948179273072e-8
-7.527102620752563e-8
-7.180961585966492e-8
-6.862208775000488e-8
-6.481694140911658e-8
-6.151237715289672e-8
-5.8672475282666144e-8
-5.624287791401425e-8
-5.3684309665249064e-8
-5.153030670433918e-8
-4.964349460384602e-8
-4.789618573700426e-8
-4.583714997079273e-8
-4.4069694014129706e-8
-4.1451370682268486e-8
-3.907770568503377e-8
-3.622653718781275e-8
-3.301291557699103e-8
-3.0390974363052286e-8
-2.7456188493117225e-8
-2.533739033329408e-8
-2.3490510300969104e-8
-2.1979129211641256e-8
-2.0828185570146902e-8
1.1775215185481872e-8
-1.3234585973273157e-8
-2.987900833060547e-8
-4.0221238499182936e-8
-4.669274174167569e-8
-5.104019867313418e-8
-5.421646308388951e-8
-5.668091513903286e-8
-5.865173440053577e-8
-6.024686959004614e-8
-6.154635532366016e-8
-6.261346680087679e-8
-6.349905690986922e-8
-6.424146368571921e-8
-6.486686912427646e-8
-6.539115280129791e-8
-6.582274439822581e-8
-6.616564948955239e-8
-6.642200952954528e-8
-6.659387857040484e-8
-6.669697569109796e-8
-6.663729218950404e-8
-6.651068584918657e-8
-6.607882010486856e-8
-6.578348220080053e-8
-6.505363137297825e-8
-6.415687415589556e-8
-6.365137377975693e-8
-6.253599903248759e-8
-6.12959341009472e-8
-5.995126321009332e-8
-5.7787184314024137e-8
-5.627875869602995e-8
-5.4740623697499805e-8
-5.241171525954754e-8
-5.0092962543765624e-8
-4.781743889295652e-8
-4.5614618868801184e-8
-4.351147994597472e-8
-4.1530381450521725e-8
-3.910375891304303e-8
-3.6934009406182055e-8
-3.501571578611814e-8
-3.3333771351205796e-8
-3.1535103491303396e-8
-3.003330078450175e-8
-2.8773590336104763e-8
-2.7691748092796684e-8
-2.6539672793288772e-8
-2.5640986073143915e-8
-2.440336042444467e-8
-2.3316480546035974e-8
-2.1985865987236983e-8
-2.0387078235242845e-8
-1.8967227460930862e-8
-1.7213549368840986e-8
-1.5800035923662374e-8
-1.4429819150818815e-8
-1.3215612833764013e-8
-1.2315601954164967e-8
1.2498895699002925e-8
-5.34390159783992e-9
-1.5456904005342316e-8
-2.0456131591554963e-8
-2.2674329988189477e-8
-2.3548200277336015e-8
-2.381153646443272e-8
-2.3799981204657664e-8
-2.365839668005898e-8
-2.3451313414868158e-8
-2.321261364061526e-8
-2.2964090453214334e-8
-2.2720734698549273e-8
-2.2491752015181746e-8
-2.22810427630208e-8
-2.2088198889702387e-8
-2.190994990286699e-8
-2.1741682070857828e-8
-2.157870417331195e-8
-2.1417090731484357e-8
-2.1088122388283376e-8
-2.0918648809177143e-8
-2.074577177927275e-8
-2.0391624094709686e-8
-2.0211184097329106e-8
-1.984402962208898e-8
-1.946644106246067e-8
-1.9272507581411255e-8
-1.8872143197878303e-8
-1.8453885174951308e-8
-1.8018846591159677e-8
-1.734277019910626e-8
-1.6882972111758216e-8
-1.6420549458665026e-8
-1.5727723813480584e-8
-1.504051213170108e-8
-1.4363072475911238e-8
-1.3700959607066525e-8
-1.3061455871568388e-8
-1.2451937342847206e-8
-1.1695038324561769e-8
-1.1006448419927613e-8
-1.0385194904388647e-8
-9.828416606403449e-9
-9.220064191992805e-9
-8.705357415432646e-9
-8.275346736108078e-9
-7.914729468213264e-9
-7.5491320988901e-9
-7.283396698620743e-9
-6.949554200586446e-9
-6.681866363115189e-9
-6.369882377399529e-9
-5.994417589956216e-9
-5.647937757953069e-9
-5.193700996514355e-9
-4.797686782295767e-9
-4.377143469761028e-9
-3.965171456643987e-9
-3.6337670857468855e-9
1.2296782129550762e-8
-5.434523728756607e-10
-6.622259285243192e-9
-8.78835996662619e-9
-9.13065045313076e-9
-8.729041959089379e-9
-8.087133556294166e-9
-7.419282970591558e-9
-6.805420115491642e-9
-6.267877958254636e-9
-5.806830459020107e-9
-5.4152469266114195e-9
-5.084473847785501e-9
-4.80596976183116e-9
-4.571715405601999e-9
-4.374306557013341e-9
-4.207038802266704e-9
-4.064017059436201e-9
-3.9402457732174334e-9
-3.831659631973186e-9
-3.6481143225367002e-9
-3.5690001415872882e-9
-3.4964566359797373e-9
-3.367471901602214e-9
-3.3096456026677355e-9
-3.2043947254561655e-9
-3.1094347216744878e-9
-3.064585260147042e-9
-2.9781428395639005e-9
-2.894199390328398e-9
-2.8115593300879937e-9
-2.6895652834617764e-9
-2.6098904434048097e-9
-2.531823493708972e-9
-2.4177492709713633e-9
-2.3067552703029522e-9
-2.198253136105906e-9
-2.092346371943295e-9
-1.9898929782930736e-9
-1.892039511757217e-9
-1.7701803102920009e-9
-1.658659880443467e-9
-1.5569663856846716e-9
-1.4645419234181777e-9
-1.3620596387229113e-9
-1.274454342134524e-9
-1.2010448817111468e-9
-1.139633244561682e-9
-1.0780727947112481e-9
-1.0346434880996738e-9
-9.835298452574993e-10
-9.463279552711267e-10
-9.064197421107441e-10
-8.605068841012605e-10
-8.185651404575407e-10
-7.629477213928509e-10
-7.121578615398411e-10
-6.538473297799299e-10
-5.916723469552888e-10
-5.38122299717835e-10
1.2537891695844618e-8
3.6776584528202485e-9
2.0718740846591528e-10
-4.987946711989061e-10
-1.4353167042781488e-10
5.126413813321932e-10
1.162660519631372e-9
1.7010234963106405e-9
2.1074194746631592e-9
2.3941108728049732e-9
2.5828758925209568e-9
2.6955930116817353e-9
2.7509832579766835e-9
2.763983279960948e-9
2.7461150904541042e-9
2.706129371283216e-9
2.6506319015146717e-9
2.5846001693789243e-9
2.511780224411982e-9
2.4349829396187807e-9
2.2772914307169125e-9
2.1990687988371288e-9
2.1224374139733515e-9
1.975981211202265e-9
1.906756127456707e-9
1.776983561584216e-9
1.658887833216678e-9
1.6041073072958448e-9
1.5026439957366972e-9
1.4112355578237913e-9
1.3288947021977901e-9
1.2201634773326319e-9
1.1561221311485236e-9
1.0978303691824258e-9
1.0195841485914847e-9
9.505742988960657e-10
8.891635348322176e-10
8.340181706718382e-10
7.840379663146694e-10
7.383347954560363e-10
6.829017014403167e-10
6.327787814754894e-10
5.872892037098897e-10
5.459898478222915e-10
4.997398893738836e-10
4.5893906848999607e-10
4.231156072754606e-10
3.918318937450501e-10
3.595819109906111e-10
3.3643305644628555e-10
3.0856045711641245e-10
2.8804844847835755e-10
2.673189042270263e-10
2.470103204731845e-10
2.3146292690476697e-10
2.1379902394249485e-10
2.0015031449237074e-10
1.8708011014138064e-10
1.7485926894542422e-10
1.6429383708679926e-10
2.3963574872054183e-8
2.1625478898132424e-8
2.1405879388183167e-8
2.2076809090176287e-8
2.2774481174235336e-8
2.3215032922433372e-8
2.3351655507845623e-8
2.3219495875061337e-8
2.2875519169211505e-8
2.237624399251672e-8
2.1770212591514464e-8
2.109624627276332e-8
2.0383972364579154e-8
1.9655181917986112e-8
1.8925390742653737e-8
1.8205317724436785e-8
1.7502154059379736e-8
1.682058100105432e-8
1.6163540815006106e-8
1.5532791174617408e-8
1.435341651351807e-8
1.3805181355357193e-8
1.3284269525474873e-8
1.2322011570028608e-8
1.1879005011043283e-8
1.1064079113986313e-8
1.033611906452234e-8
1.0001706917719266e-8
9.386033713435218e-9
8.833769313984606e-9
8.336808631459582e-9
7.67978234597682e-9
7.291959929386942e-9
6.938237506636302e-9
6.461856502629877e-9
6.0391669400402555e-9
5.659786355110943e-9
5.315782491284669e-9
5.001303396840573e-9
4.712051136466137e-9
4.360100493897266e-9
4.0413859494607934e-9
3.751577859945228e-9
3.4877513116434055e-9
3.191896006432401e-9
2.9317660274913424e-9
2.7050641752038416e-9
2.5085324345610053e-9
2.3069811694710667e-9
2.1631096989004254e-9
1.9919459392327325e-9
1.8680958987783714e-9
1.7439342477439398e-9
1.621183073749516e-9
1.5256358268658809e-9
1.4153745446912663e-9
1.3275655853011056e-9
1.2386852736374283e-9
1.150902374625623e-9
1.0742400723080526e-9
8.034405708669546e-7
1.0664869348370787e-6
1.2426298629679112e-6
1.3717304181501854e-6
1.4666968314348203e-6
1.5343482261886936e-6
1.5792261542874216e-6
1.6048344819917105e-6
1.6141446018701792e-6
1.609802753099111e-6
1.5942056534901883e-6
1.5695218136368394e-6
1.5376951743472293e-6
1.5004469406639992e-6
1.4592810854883599e-6
1.4154942456225053e-6
1.3701889555042147e-6
1.3242888182990984e-6
1.2785544502103819e-6
1.2335994187902544e-6
1.1478387183663618e-6
1.1076611088366906e-6
1.069546512983572e-6
9.998304665776097e-7
9.682409846010613e-7
9.112902402206003e-7
8.618786253328615e-7
8.396469228255162e-7
7.99359778446215e-7
7.636245612272751e-7
7.313192298882572e-7
6.872606088911304e-7
6.597952827277744e-7
6.332963219707951e-7
5.947917328633848e-7
5.57514106864877e-7
5.215983481730706e-7
4.87429408359526e-7
4.554460553080608e-7
4.2600518247474247e-7
3.910292124878055e-7
3.6091570171819326e-7
3.352214209213908e-7
3.1324002543475597e-7
2.897967664945619e-7
2.6956878590098305e-7
2.5154692584438874e-7
2.351174724331276e-7
2.171094069962488e-7
2.0343589165716572e-7
1.8633452721570005e-7
1.7353805487345324e-7
1.6058816394815724e-7
1.479679250652339e-7
1.384196063664635e-7
1.276951287831515e-7
1.1931216648416398e-7
1.1094978779020967e-7
1.0282916898071878e-7
9.58008276585232e-8
4.355515080066864e-7
5.608595088893414e-7
6.518674715827465e-7
7.259972849784075e-7
7.878705866307244e-7
8.396572107196632e-7
8.825297788533046e-7
9.172540377536964e-7
9.444728390645458e-7
9.648157867862578e-7
9.789209133629661e-7
9.874225620273943e-7
9.90933435446338e-7
9.900318543660582e-7
9.852562841802598e-7
9.771054170589668e-7
9.660412095675604e-7
9.524926995430291e-7
9.368592516795112e-7
9.195126577544779e-7
8.810340778461225e-7
8.605122806318211e-7
8.39496831033336e-7
7.969030859259575e-7
7.757154503638853e-7
7.343394115927025e-7
6.950587721373107e-7
6.764116989467012e-7
6.413618683863863e-7
6.094766100595273e-7
5.807968379369382e-7
5.435177655452115e-7
5.221398440506483e-7
5.031685887560808e-7
4.784274885281501e-7
4.570384046315768e-7
4.37853933104812e-7
4.1992662364603267e-7
4.025603815973996e-7
3.8531807523646716e-7
3.6220047286209845e-7
3.3899454612584815e-7
3.1611587071866293e-7
2.941506209912475e-7
2.688397854644743e-7
2.4662937247770766e-7
2.277951257519732e-7
2.1213009389246364e-7
1.9675586957681363e-7
1.8601857665443514e-7
1.7293126658300715e-7
1.6270674148332504e-7
1.5139274804884206e-7
1.39159780991266e-7
1.2927446401663585e-7
1.180401366767231e-7
1.0954251814419095e-7
1.0145947465432317e-7
9.386989408353696e-8
8.728887719051511e-8
2.7164606096228684e-7
3.2800162280463205e-7
3.7185582570642055e-7
4.1085769400706e-7
4.4585472328033145e-7
4.773823315029153e-7
5.056045538790496e-7
5.305082857207584e-7
5.520898273596367e-7
5.704305673381024e-7
5.85694590486279e-7
5.980955516080613e-7
6.078624193953376e-7
6.15216182677466e-7
6.203590188807739e-7
6.234727785709412e-7
6.247226169865987e-7
6.242623077679572e-7
6.222390186521843e-7
6.187964992343629e-7
6.082186170212721e-7
6.013594085349819e-7
5.936307588714885e-7
5.760610203951163e-7
5.664487796453231e-7
5.460789716800972e-7
5.247644939091928e-7
5.13942687280081e-7
4.922897530027861e-7
4.70981352654984e-7
4.503706155980571e-7
4.213380966602145e-7
4.034989990410928e-7
3.869898916738967e-7
3.647770272196738e-7
3.455302237332678e-7
3.289922590039296e-7
3.1480567099745834e-7
3.025630222697434e-7
2.9184101139594096e-7
2.7919935128568583e-7
2.676452376804241e-7
2.564763750344746e-7
2.452260276187311e-7
2.3073298832285742e-7
2.158040053204472e-7
2.0079643649653237e-7
1.8621534682462862e-7
1.6998247987881967e-7
1.579577284205563e-7
1.437936394009115e-7
1.3407351316388763e-7
1.2505424117292594e-7
1.1681302202026452e-7
1.1055540472538837e-7
1.0294802060078641e-7
9.624564884763048e-8
8.881948320707335e-8
8.112939602087444e-8
7.447469422099813e-8
1.8705377472998806e-7
2.0487883453077183e-7
2.203143017310554e-7
2.3694651133715864e-7
2.536451250782169e-7
2.7001652654941027e-7
2.8572602234243104e-7
3.0043534374382956e-7
3.1388932084518264e-7
3.2595522458240215e-7
3.366080756354751e-7
3.458930925165227e-7
3.538888105525355e-7
3.606811494129316e-7
3.663497485312685e-7
3.709637217433919e-7
3.745829710229782e-7
3.772617682287123e-7
3.790524145201016e-7
3.800078544931425e-7
3.796343779617176e-7
3.784201381201087e-7
3.765980983605043e-7
3.7135508804790425e-7
3.680401207606692e-7
3.602649248523809e-7
3.5124858425600414e-7
3.4637211834374546e-7
3.360582394084973e-7
3.2521121342770536e-7
3.140678331002923e-7
2.972521511928811e-7
2.862300123289938e-7
2.755210814469503e-7
2.6026422357169075e-7
2.4617398094331277e-7
2.333740928897097e-7
2.219069419238468e-7
2.117534635441574e-7
2.0284438616198445e-7
1.9270409890751207e-7
1.8422690818221903e-7
1.770163747874567e-7
1.706799414040383e-7
1.6346060472786322e-7
1.565181114806973e-7
1.4947678115787983e-7
1.4213718726448992e-7
1.3290740491979014e-7
1.2501419794774118e-7
1.1410165781886676e-7
1.0531593070927147e-7
9.617303733388621e-8
8.750452416273823e-8
8.150225523935197e-8
7.561860059268926e-8
7.157031146979117e-8
6.763895757905494e-8
6.34079718640386e-8
5.9040530135359354e-8
1.3786567922591089e-7
1.321526603293521e-7
1.2852111661198436e-7
1.290371408163893e-7
1.3191412575155987e-7
1.3625728591756054e-7
1.4143534568486307e-7
1.4694055747343178e-7
1.5240275677042523e-7
1.5759102607129933e-7
1.6238663243733912e-7
1.667450237899092e-7
1.7066178637878187e-7
1.7414887579457774e-7
1.772213620987892e-7
1.7989212291929968e-7
1.821713243534018e-7
1.8406804620930265e-7
1.8559228651406497e-7
1.8675641441931583e-7
1.8806843819567143e-7
1.882545919848309e-7
1.8815546291200063e-7
1.8718619632357216e-7
1.8635635503215747e-7
1.8409706420093988e-7
1.811438821616575e-7
1.7944290849973854e-7
1.7565867057324743e-7
1.714503607857164e-7
1.669186191501035e-7
1.5972416936635566e-7
1.547899796168133e-7
1.498323083547511e-7
1.4248138646548094e-7
1.3537021384028684e-7
1.2861380923167236e-7
1.2229559065946589e-7
1.1647306037339181e-7
1.1117838989467892e-7
1.0494783376729161e-7
9.961760017967189e-8
9.508960458921602e-8
9.124081921592017e-8
8.718733253746179e-8
8.374134445476527e-8
8.06612687368622e-8
7.772990582767054e-8
7.417507704068125e-8
7.106903827121024e-8
6.645774327044308e-8
6.232706762353261e-8
5.746693286669238e-8
5.214205749316013e-8
4.7931846205670954e-8
4.3382740120060874e-8
4.021091917474259e-8
3.7500873515846826e-8
3.526086429620098e-8
3.3457505503800214e-8
9.155710025371487e-8
6.701882237448068e-8
4.8893800331667374e-8
3.7453077354976764e-8
3.024466217861556e-8
2.5765156986188605e-8
2.3059779876015273e-8
2.1491790000481493e-8
2.0639719341533185e-8
2.023412798367156e-8
2.0108943232632047e-8
2.0163725636872604e-8
2.0336628754862957e-8
2.058691584317814e-8
2.0884916305896745e-8
2.1207049891872408e-8
2.153384563197832e-8
2.1849424230207864e-8
2.2141470942589888e-8
2.2401183848825357e-8
2.2804113198152777e-8
2.2943815784342028e-8
2.3042862337917838e-8
2.3125786192693874e-8
2.3113677977049772e-8
2.299173340842887e-8
2.2749943104009462e-8
2.2587635253015603e-8
2.2187504613189892e-8
2.169803391815509e-8
2.1135015394849188e-8
2.019051825449367e-8
1.9518765041355688e-8
1.883042681995816e-8
1.7791757793513846e-8
1.6771410380919825e-8
1.57914823262811e-8
1.4869974374175334e-8
1.4021795253282107e-8
1.3257746018494854e-8
1.2378486621413792e-8
1.1655957343148275e-8
1.1076181455739184e-8
1.0619854105928043e-8
1.0191679321086043e-8
9.882330189629683e-9
9.646538796335599e-9
9.438560958805287e-9
9.171356378546243e-9
8.903587698447004e-9
8.435195944628395e-9
7.943749570622187e-9
7.2827753338790854e-9
6.467977907286849e-9
5.773109448876082e-9
4.9987346889640115e-9
4.4705629705134435e-9
4.066194323054598e-9
3.826905139603261e-9
3.74413055372999e-9
7.614801867847782e-8
4.646153392000563e-8
2.3700716613386377e-8
8.019971627613351e-9
-3.0179260991544847e-9
-1.1145253324982685e-8
-1.7404919667028818e-8
-2.2408655394718973e-8
-2.652304707028615e-8
-2.997828399525564e-8
-3.292718076469203e-8
-3.5476311371455734e-8
-3.7702594960226546e-8
-3.9662640390536035e-8
-4.13985475821775e-8
-4.294190176757984e-8
-4.431671892953622e-8
-4.5541661802571916e-8
-4.6631676829464206e-8
-4.7599152953302796e-8
-4.920761122634467e-8
-4.98661851786052e-8
-5.043783779170386e-8
-5.1346215152737015e-8
-5.169410898821704e-8
-5.2200636102971746e-8
-5.248019816480085e-8
-5.254304345785831e-8
-5.252913758768049e-8
-5.234653240304935e-8
-5.201497207400273e-8
-5.127885748106167e-8
-5.065395984289826e-8
-4.993992312243373e-8
-4.873192121945333e-8
-4.73963780508114e-8
-4.597031658522353e-8
-4.448709200670584e-8
-4.297666254788497e-8
-4.1465193205530506e-8
-3.9485548480148e-8
-3.758276909926423e-8
-3.578544082198421e-8
-3.4113077956407715e-8
-3.2216390108392544e-8
-3.054317887229729e-8
-2.908807784269528e-8
-2.783361714301097e-8
-2.6557448666090915e-8
-2.565106690372048e-8
-2.456136012594501e-8
-2.3737544088784072e-8
-2.2836996764974655e-8
-2.1811637237192503e-8
-2.087219087667249e-8
-1.9579481375785284e-8
-1.8359723541432057e-8
-1.6953629173841017e-8
-1.5434858756264602e-8
-1.4054487694915112e-8
6.731526867622254e-8
3.737664801981678e-8
1.5065793826735147e-8
3.277502072417421e-11
-1.0313727161401148e-8
-1.785793624326074e-8
-2.3687958829754537e-8
-2.8395311507463848e-8
-3.23097079194209e-8
-3.5631823143285e-8
-3.84975302487862e-8
-4.1005772478533557e-8
-4.323014465655432e-8
-4.522448654623625e-8
-4.7026867618484964e-8
-4.8663315674665476e-8
-5.0151368781323124e-8
-5.1503172040773794e-8
-5.272788100044885e-8
-5.383329192912136e-8
-5.571560157363674e-8
-5.6507048353515e-8
-5.720812649531989e-8
-5.8364774636655574e-8
-5.88314082636734e-8
-5.9563264387686325e-8
-6.004837393826755e-8
-6.02050087482225e-8
-6.035807150942337e-8
-6.031311518848957e-8
-6.008994325745619e-8
-5.946620751819283e-8
-5.8886832086516424e-8
-5.819749180091231e-8
-5.6990238465981226e-8
-5.561351814798858e-8
-5.410607611690065e-8
-5.2504952383167554e-8
-5.084594556313278e-8
-4.916186424888315e-8
-4.692469634585108e-8
-4.474210243338517e-8
-4.264976079267165e-8
-4.067415908991657e-8
-3.8399155296133033e-8
-3.636257382463121e-8
-3.456947523410193e-8
-3.300749975379706e-8
-3.1406872878819384e-8
-3.027145906348355e-8
-2.8930062146689227e-8
-2.795292323355246e-8
-2.6934167841972003e-8
-2.5832700952832353e-8
-2.4862094442740516e-8
-2.3551570106201275e-8
-2.2303274052053635e-8
-2.0812538463573467e-8
-1.9116625112599946e-8
-1.7484303205921224e-8
6.31340017611143e-8
3.580546417860321e-8
1.6350853917603588e-8
4.1146606843405795e-9
-3.566189353811556e-9
-8.714841675778161e-9
-1.24567858688661e-8
-1.5349867286837513e-8
-1.767094013610277e-8
-1.9576362302631944e-8
-2.1173164819869388e-8
-2.254377734212904e-8
-2.375194351181214e-8
-2.484372820423349e-8
-2.5848989425906286e-8
-2.6784385571927446e-8
-2.765730407321196e-8
-2.8469772365240835e-8
-2.9221654379551954e-8
-2.991281475457074e-8
-3.111840229226183e-8
-3.163888663701206e-8
-3.2109989133119547e-8
-3.292110757167418e-8
-3.32683259694342e-8
-3.385806446461936e-8
-3.4315579115414535e-8
-3.4495852377586654e-8
-3.476079396092169e-8
-3.4902284094831514e-8
-3.4929182289702195e-8
-3.47825085810168e-8
-3.4579832768056146e-8
-3.4306917324549476e-8
-3.3784209754312026e-8
-3.31431074494047e-8
-3.240053973794173e-8
-3.1575977921082804e-8
-3.069245508931928e-8
-2.9773469339710235e-8
-2.8527002888232278e-8
-2.728583628918081e-8
-2.6070457445151056e-8
-2.489702091000844e-8
-2.3514341680531592e-8
-2.225163356624399e-8
-2.1123452379912788e-8
-2.012779853714642e-8
-1.9093211399320123e-8
-1.8352780721546748e-8
-1.7484071728544207e-8
-1.6870615234270128e-8
-1.6261567291308803e-8
-1.564242073790001e-8
-1.5128216493761152e-8
-1.4466758876309694e-8
-1.3844167043049192e-8
-1.307613044350749e-8
-1.2153310006608334e-8
-1.1213485554324632e-8
7.406293144705067e-8
5.433081321879271e-8
4.045891952797366e-8
3.2399732378444216e-8
2.7911743044466453e-8
2.5243270669404705e-8
2.3443426673954894e-8
2.2072577538764944e-8
2.0939546866920763e-8
1.995366276067639e-8
1.905988395099056e-8
1.8217357864926196e-8
1.7395504964641903e-8
1.65745182499053e-8
1.5745196403886276e-8
1.490710400378299e-8
1.4065658126578112e-8
1.3229056791727188e-8
1.2405738843559313e-8
1.1602705615386433e-8
1.0074282164595965e-8
9.351937826373908e-9
8.656999671602315e-9
7.344018539019618e-9
6.723511769439324e-9
5.551524564605179e-9
4.4729136343256565e-9
3.970028504408592e-9
3.039570748632117e-9
2.209728370041387e-9
1.476111519777373e-9
5.36995454893618e-10
3.880033120577179e-12
-4.6488688079164544e-10
-1.0599451371921126e-9
-1.5360767902102812e-9
-1.9034157909027627e-9
-2.1751183045128452e-9
-2.368199631967306e-9
-2.5005490369823023e-9
-2.6080452099687573e-9
-2.6574524955957605e-9
-2.661967921588968e-9
-2.6325270062789565e-9
-2.5681269068791633e-9
-2.4973730533520586e-9
-2.4367602350600877e-9
-2.3901692631761054e-9
-2.3503786534224506e-9
-2.331258625958782e-9
-2.3318791352257343e-9
-2.357336845996912e-9
-2.4020616855702507e-9
-2.4506763661403478e-9
-2.482779512168575e-9
-2.506722729889672e-9
-2.499168656993762e-9
-2.44054670867632e-9
-2.318483247231333e-9
-2.1631116457424895e-9
9.01645413432063e-7
1.1904072772247588e-6
1.3853440520487593e-6
1.5296895436205152e-6
1.6367952362693023e-6
1.7137482809241744e-6
1.765367021159181e-6
1.795441817037609e-6
1.8072308961004216e-6
1.8036595338021845e-6
1.7873891569004082e-6
1.7608339666417076e-6
1.726161788152487e-6
1.6852947806416784e-6
1.639915061140336e-6
1.5914755197672585e-6
1.5412144014288926e-6
1.4901719939415134e-6
1.4392081044798786e-6
1.389019472590458e-6
1.293040242204621e-6
1.2479761995465426e-6
1.2051706000603627e-6
1.126742041933905e-6
1.0911528597661021e-6
1.0269227435544626e-6
9.711463347612629e-7
9.46046143131274e-7
9.005746701040395e-7
8.602823120384922e-7
8.239159377577616e-7
7.74435653293367e-7
7.436577089543531e-7
7.139987605755315e-7
6.709305528346801e-7
6.292197252918073e-7
5.889781179803163e-7
5.506180298129114e-7
5.146306938580279e-7
4.814294967956764e-7
4.4189528793832437e-7
4.077916777134563e-7
3.7866804961792806e-7
3.5376114353525105e-7
3.2723910794975025e-7
3.044082777917662e-7
2.8410619247077697e-7
2.6561165513962086e-7
2.453282086377697e-7
2.299043001565116e-7
2.105785530897997e-7
1.9609578332712478e-7
1.8143128592049133e-7
1.671464123953685e-7
1.56349465708056e-7
1.4423249492044938e-7
1.3476222390789974e-7
1.253101320360284e-7
1.161246851874811e-7
1.0817203221622026e-7
5.311482001408987e-7
6.779825737767456e-7
7.844159527424518e-7
8.717993109666724e-7
9.454044947439354e-7
1.0075097912938092e-6
1.0592751083434e-6
1.101456115102075e-6
1.1347244776096353e-6
1.1597779863420557e-6
1.1773501469801295e-6
1.1881845810403698e-6
1.1930066546119955e-6
1.192504295301684e-6
1.1873194017800623e-6
1.1780470215813454e-6
1.1652386666493858e-6
1.1494068411345657e-6
1.1310289831141598e-6
1.1105500417216373e-6
1.0649120964441549e-6
1.0404860069515023e-6
1.015423511123611e-6
9.64497970183587e-7
9.391081085276186e-7
8.894241856995986e-7
8.421366626244269e-7
8.196482836106576e-7
7.773075544365131e-7
7.387089346008726e-7
7.039252568381709e-7
6.586253822654246e-7
6.326124112352423e-7
6.09517376253235e-7
5.794102760123667e-7
5.534320590765698e-7
5.30207422550077e-7
5.085875580182845e-7
4.877155827731438e-7
4.670398360070608e-7
4.393436953009328e-7
4.115159547016296e-7
3.8401372167376453e-7
3.575218179290602e-7
3.2686777915225915e-7
2.9984674242062885e-7
2.7684727138063744e-7
2.5767585245488687e-7
2.388647220797293e-7
2.2576778888457375e-7
2.0988938842958913e-7
1.9754683331254917e-7
1.8391405181777112e-7
1.691487398077111e-7
1.571705564075487e-7
1.434989498984451e-7
1.331267838880532e-7
1.2325861416204276e-7
1.140156441363676e-7
1.060266585805994e-7
3.683764122321834e-7
4.4478693670512513e-7
5.022408469783505e-7
5.525475615164863e-7
5.975935227495971e-7
6.383577492493883e-7
6.750954165209538e-7
7.07737061794186e-7
7.362040838168811e-7
7.605372380625496e-7
7.809018239461853e-7
7.975435273827672e-7
8.107398741216436e-7
8.207659221703959e-7
8.278771424213804e-7
8.323054964161446e-7
8.34263049634953e-7
8.339483117103136e-7
8.315521662793101e-7
8.27261858795064e-7
8.137378164688637e-7
8.048666987234762e-7
7.948231010896325e-7
7.71872927500956e-7
7.592688265144152e-7
7.324769620582359e-7
7.043461715700695e-7
6.900308972830524e-7
6.613274397934635e-7
6.330055754636186e-7
6.055419497465991e-7
5.667407662638504e-7
5.428303147140564e-7
5.206536507629592e-7
4.907376762344777e-7
4.64742652343112e-7
4.4235478693106056e-7
4.231224476017974e-7
4.0652236627126857e-7
3.920043885617714e-7
3.749508282605983e-7
3.5946019674565283e-7
3.445814805343221e-7
3.296655542357691e-7
3.1049665826633975e-7
2.9074016229672303e-7
2.70818706967212e-7
2.5137322916029105e-7
2.2959274531507583e-7
2.1335429796420363e-7
1.9410314482369075e-7
1.8082189719524284e-7
1.6848209120886062e-7
1.5726624206466864e-7
1.4884179235158026e-7
1.3870532258227867e-7
1.2980798251142098e-7
1.1991467922038431e-7
1.0958753056634697e-7
1.0057225469580274e-7
2.865603993366587e-7
3.248484167504142e-7
3.546236886371448e-7
3.829005001736224e-7
4.0944875637318206e-7
4.3469828145035985e-7
4.5867462676767143e-7
4.810901441306361e-7
5.016322905120802e-7
5.201136200565204e-7
5.364914343873695e-7
5.508262568846711e-7
5.632295535053837e-7
5.738241739497707e-7
5.827229446697905e-7
5.900221341171815e-7
5.958039240726923e-7
6.00142564718368e-7
6.031105788984415e-7
6.047831306429148e-7
6.045655831517849e-7
6.028472124506812e-7
6.001731743963326e-7
5.923027115926908e-7
5.872694670322713e-7
5.753788331301969e-7
5.614950897628254e-7
5.539549380061403e-7
5.379485407814193e-7
5.210402745348827e-7
5.036003242134498e-7
4.771627924842909e-7
4.597603839453788e-7
4.427978787165635e-7
4.1853609584715737e-7
3.960225500755161e-7
3.754724644987404e-7
3.56974946335655e-7
3.4052345570572045e-7
3.2603149690583365e-7
3.0947983765412176e-7
2.956167344067581e-7
2.838405548217018e-7
2.735456392774505e-7
2.619338830695309e-7
2.5091614894014e-7
2.3986746737853867e-7
2.2842319456596287e-7
2.140433670632832e-7
2.0169980563815782e-7
1.8450551426483007e-7
1.7051695458577343e-7
1.5578417939649943e-7
1.416123833567215e-7
1.3167027019157123e-7
1.218538207075085e-7
1.1513981447936621e-7
1.0876007513280979e-7
1.0207538974225162e-7
9.526524277780836e-8
2.394991913713234e-7
2.5525495296548704e-7
2.6808096085558564e-7
2.8251630935559695e-7
2.9724146544814295e-7
3.122449745876959e-7
3.2733722287891617e-7
3.420965079887921e-7
3.561093636359299e-7
3.6910391778452796e-7
3.809629191170899e-7
3.9167893874442924e-7
4.013001524368446e-7
4.0988954804055957e-7
4.1750274293537046e-7
4.241809862806176e-7
4.2995337119751475e-7
4.348428535457952e-7
4.3887238783110443e-7
4.4206926255260997e-7
4.4610565528701455e-7
4.47029539611777e-7
4.4728585830332164e-7
4.459844985054427e-7
4.4451646887142206e-7
4.401474350234385e-7
4.3410189334264176e-7
4.3052991302975164e-7
4.224356827018735e-7
4.132668617158074e-7
4.032516810020586e-7
3.871228050078598e-7
3.759266047336008e-7
3.645792992537936e-7
3.475842875768336e-7
3.3095483378724623e-7
3.1498101320173683e-7
2.9988327437208535e-7
2.8582398761572266e-7
2.729072600821012e-7
2.5753002175502466e-7
2.442099157305487e-7
2.3277539968091185e-7
2.2298796963502164e-7
2.1266581722419507e-7
2.0396681164055683e-7
1.9634894647273157e-7
1.8930117114576404e-7
1.8101157506050176e-7
1.739235095477583e-7
1.634967003405604e-7
1.541210349258298e-7
1.4292522411687187e-7
1.3034645867122132e-7
1.2009507927048704e-7
1.0861676073145094e-7
1.0029311071360297e-7
9.29512983223379e-8
8.683226974036814e-8
8.211756127745429e-8
1.9084763276445097e-7
1.8548977007252528e-7
1.8422919802117586e-7
1.878160340499045e-7
1.9351891690743694e-7
2.0100068460312878e-7
2.098310144702084e-7
2.1932964180090045e-7
2.2886507255354606e-7
2.3801912230374175e-7
2.4659326027889926e-7
2.545406946033768e-7
2.6188909675066916e-7
2.6868396324442017e-7
2.749586808173442e-7
2.8072587736826184e-7
2.8598142928941387e-7
2.9071349528972276e-7
2.9491144278317204e-7
2.985720493938587e-7
3.04319041614096e-7
3.0644707727176695e-7
3.081157806541475e-7
3.101979902565971e-7
3.1066865686460196e-7
3.105876386729325e-7
3.09264063734203e-7
3.0817377877436507e-7
3.052056945862396e-7
3.0128681041273135e-7
2.9654946531589984e-7
2.882210168226526e-7
2.8205642305368227e-7
2.755452894783796e-7
2.653453081165242e-7
2.5486126641894184e-7
2.443125918465651e-7
2.3389531307931814e-7
2.2378877223080953e-7
2.1414462214010213e-7
2.0218867463207273e-7
1.9138055350032953e-7
1.8174314758884507e-7
1.732395637108295e-7
1.6410803115354813e-7
1.564804527213543e-7
1.5011382132928501e-7
1.4470214453529508e-7
1.3902769552253415e-7
1.3467069244043429e-7
1.2874143733100946e-7
1.2355056205309596e-7
1.1714223800777376e-7
1.0929034525046218e-7
1.0214153917417802e-7
9.305087258051152e-8
8.548537105886602e-8
7.791830020874342e-8
7.099197974992166e-8
6.572168709063479e-8
1.7062708060718793e-7
1.5531368951593269e-7
1.4536217481313418e-7
1.4162837279169327e-7
1.4131308174559677e-7
1.4351716042002397e-7
1.4750392275448806e-7
1.5252010209031496e-7
1.5795112156245907e-7
1.633984061501873e-7
1.6865795569423267e-7
1.7365584519314828e-7
1.7838362235112946e-7
1.8285259067604955e-7
1.8706964065758872e-7
1.9102966811616408e-7
1.9471774121317193e-7
1.9811517735529396e-7
2.0120565992212429e-7
2.0397943538849803e-7
2.0857901606872408e-7
2.1042395256269962e-7
2.1198626920213936e-7
2.1433359481933929e-7
2.1515120152677363e-7
2.1613898687160273e-7
2.1632385733240038e-7
2.1613263711454035e-7
2.1521500458545589e-7
2.1363317199489303e-7
2.114583380315886e-7
2.0726307554371262e-7
2.0396397115126424e-7
2.0034874808104838e-7
1.9446333672585047e-7
1.8816689490793155e-7
1.8159972334774023e-7
1.74896557109566e-7
1.6818973157193393e-7
1.6159931359715057e-7
1.531548656175553e-7
1.452328802418078e-7
1.3790945257486953e-7
1.3122279842421156e-7
1.2379166328583198e-7
1.1739147906547492e-7
1.1195781107689757e-7
1.0735949910731799e-7
1.0271570214043458e-7
9.939316611335727e-8
9.530714560674949e-8
9.209755614590643e-8
8.84143520087269e-8
8.400683316811622e-8
7.987808807088837e-8
7.425572681087606e-8
6.910712138510738e-8
6.337918447324829e-8
5.7464529498769214e-8
5.238333853194734e-8
1.5448340170161035e-7
1.3140699098252947e-7
1.145369393276699e-7
1.049197490990731e-7
9.973127847187659e-8
9.757582895536662e-8
9.746560661994212e-8
9.861260972805766e-8
1.0044323857183177e-7
1.0259280851788978e-7
1.04860115577165e-7
1.0714905246268109e-7
1.094184452563707e-7
1.1164831551587402e-7
1.1382203619784376e-7
1.1592004710434675e-7
1.1792021268038069e-7
1.1980087006208728e-7
1.215440268961993e-7
1.2313744854361204e-7
1.258575465504043e-7
1.269885826335158e-7
1.2797553260995174e-7
1.2955001261278695e-7
1.3015273433175618e-7
1.3101772339892138e-7
1.3145231725833077e-7
1.3151431522469248e-7
1.3133926966222182e-7
1.3078618922603793e-7
1.298884239478596e-7
1.2798514239771286e-7
1.2640656022720853e-7
1.2462405420591061e-7
1.2163369167057193e-7
1.1833591587692359e-7
1.1480326485093988e-7
1.1110913399626062e-7
1.073290654295291e-7
1.035342342020637e-7
9.855200002557577e-8
9.374753760853306e-8
8.918464785151541e-8
8.490899656654448e-8
8.002422079811658e-8
7.569248035797737e-8
7.191558404129485e-8
6.865234349925874e-8
6.532681330945347e-8
6.297403225023159e-8
6.019675289627654e-8
5.816867373059317e-8
5.6033171721626094e-8
5.3682122473687456e-8
5.1580167675790863e-8
4.872864926256726e-8
4.601884405112745e-8
4.280265201890025e-8
3.918945801045958e-8
3.5778971166994716e-8
1.4281281490641942e-7
1.1418622218226149e-7
9.265496354227015e-8
7.891947757984132e-8
7.001384874289054e-8
6.437440670827167e-8
6.094602371228008e-8
5.893770754966656e-8
5.7790166902802864e-8
5.7147168188053354e-8
5.680531254963197e-8
5.665901328991416e-8
5.6655215767563554e-8
5.676317633992588e-8
5.6958172194392925e-8
5.7215243790715124e-8
5.750875425149954e-8
5.781441342776234e-8
5.8111605537724686e-8
5.838492774684058e-8
5.8826019224054485e-8
5.8988402304485575e-8
5.911356411435642e-8
5.9264191035743776e-8
5.929515267598131e-8
5.927562974675032e-8
5.914662163261217e-8
5.903880809346205e-8
5.873212385769764e-8
5.8303166066476174e-8
5.775879900993792e-8
5.675730297795386e-8
5.5990469946679605e-8
5.516072038416037e-8
5.3818045274500836e-8
5.237389870921366e-8
5.0843289668325595e-8
4.9246890478845376e-8
4.761248228162069e-8
4.596965981132332e-8
4.3808152354123696e-8
4.171283657908115e-8
3.970311020706129e-8
3.7793653211097e-8
3.557445424774365e-8
3.357108787577262e-8
3.179595341531466e-8
3.023744245494929e-8
2.8621322374138793e-8
2.7463340386029348e-8
2.6098437386260553e-8
2.5126119005214538e-8
2.4149117862920894e-8
2.314257859330377e-8
2.230101819499835e-8
2.1222523865533226e-8
2.0221000664352385e-8
1.900831252837285e-8
1.758440870925932e-8
1.6171505385973722e-8
1.4915236360472433e-7
1.2252408716323928e-7
1.0111735510020338e-7
8.672640587300756e-8
7.683065657156145e-8
6.987389388950967e-8
6.484320625233663e-8
6.10443662222516e-8
5.801544039927676e-8
5.546868602969153e-8
5.323758341344223e-8
5.123143311325869e-8
4.9401398257042194e-8
4.77184847501986e-8
4.616138944059452e-8
4.471119554841169e-8
4.335006142332461e-8
4.2061731399168e-8
4.0832481232005814e-8
3.9651778354446024e-8
3.7410128146176344e-8
3.634294840796637e-8
3.531035502259332e-8
3.334971215499145e-8
3.2421839211939226e-8
3.066788082304529e-8
2.903958030689066e-8
2.8267685273022387e-8
2.679866161045632e-8
2.5419156332819502e-8
2.412149389109791e-8
2.2321534469114636e-8
2.1217072429686176e-8
2.0186293765429535e-8
1.8768468976814975e-8
1.7486805374561712e-8
1.632157462548748e-8
1.5258455006398414e-8
1.4289291735716486e-8
1.340911947259937e-8
1.2364325599326993e-8
1.14489014193941e-8
1.0640160945322038e-8
9.919055562474174e-9
9.123793512651443e-9
8.43536069852569e-9
7.840933083380465e-9
7.322150435457164e-9
6.7737149909800124e-9
6.365003884758223e-9
5.8573073472028394e-9
5.474400695188363e-9
5.0715076596307845e-9
4.646694588021786e-9
4.299866700965877e-9
3.890880039048674e-9
3.5571015946673893e-9
3.2043271196018455e-9
2.8475698920139793e-9
2.5496463387634262e-9
9.890567052168406e-7
1.3006790697640412e-6
1.5124607274087295e-6
1.6704413564022896e-6
1.788349011840695e-6
1.87353506917728e-6
1.931088750392349e-6
1.965070733100628e-6
1.9790022218579494e-6
1.9760598363310976e-6
1.9591411990453955e-6
1.9308787834694585e-6
1.893639004279894e-6
1.8495222312978861e-6
1.8003686019472995e-6
1.7477696385693565e-6
1.6930839848289578e-6
1.6374554028322e-6
1.5818315874569232e-6
1.526982882311398e-6
1.421913486214552e-6
1.3725060991729933e-6
1.3255327698781663e-6
1.2393680043590722e-6
1.20022901913327e-6
1.1295405262065386e-6
1.0681187126619676e-6
1.0404743955622118e-6
9.904044003542963e-7
9.460685453595119e-7
9.060969971675298e-7
8.517998718579576e-7
8.180766176967509e-7
7.856068308677842e-7
7.384782599764495e-7
6.928236132614997e-7
6.487355736311945e-7
6.066514064480533e-7
5.671090026184904e-7
5.305715144224836e-7
4.869959797078099e-7
4.4935680544306043e-7
4.171952547927258e-7
3.8969650868399773e-7
3.604455863808545e-7
3.35306037132231e-7
3.129801621294804e-7
2.9265233747250523e-7
2.7034930042847965e-7
2.533725087724675e-7
2.3207449472244502e-7
2.1609723937549058e-7
1.9991341846125495e-7
1.841533104400939e-7
1.7224946942652021e-7
1.588977563021746e-7
1.4846331653012661e-7
1.380450852128903e-7
1.2791577023948602e-7
1.1914388626109541e-7
6.185664700158822e-7
7.810201535760318e-7
8.999596425006154e-7
9.989005362187762e-7
1.082967879659199e-6
1.1542925209088086e-6
1.2139657889854626e-6
1.2627378415393274e-6
1.3013233409070496e-6
1.330496632290947e-6
1.3510869721648545e-6
1.3639412899984625e-6
1.3698878846038994e-6
1.3697127892857503e-6
1.3641493512520255e-6
1.3538772118617257e-6
1.339526221332556e-6
1.3216817823559323e-6
1.300889494256202e-6
1.277658183961404e-6
1.225736768700803e-6
1.1978868017257582e-6
1.1692766875057098e-6
1.1110511622587045e-6
1.0819810070139407e-6
1.0250236098980137e-6
9.707289861183476e-7
9.448798661844816e-7
8.961619252800809e-7
8.516930072994235e-7
8.115733540993028e-7
7.59263632246296e-7
7.292005988862883e-7
7.025025044198029e-7
6.677068261455051e-7
6.377179055700488e-7
6.109608539709124e-7
5.861108056536439e-7
5.62170550249276e-7
5.384887210085374e-7
5.067832581205143e-7
4.749086994330179e-7
4.4335942825368315e-7
4.129070727105866e-7
3.775807427288756e-7
3.4635558756700784e-7
3.197177741319366e-7
2.974844116210712e-7
2.756720630202324e-7
2.605139347740427e-7
2.4219587765502896e-7
2.280007108623621e-7
2.1233911336535635e-7
1.9535852625484767e-7
1.815503970618498e-7
1.6574884818439128e-7
1.5373914980829912e-7
1.4231167483852137e-7
1.3162410790551033e-7
1.2240446994207674e-7
4.60453477894295e-7
5.481947836647975e-7
6.142828376684105e-7
6.732120656001514e-7
7.267529015232865e-7
7.756962904059227e-7
8.20096721470462e-7
8.597156655134051e-7
8.943687267062124e-7
9.240563337549145e-7
9.489533511959309e-7
9.693449926648649e-7
9.855616371938407e-7
9.97933684115911e-7
1.0067689733588201e-6
1.0123472103237887e-6
1.0149240607752317e-6
1.0147387988193686e-6
1.0120215436970113e-6
1.0069981493746418e-6
9.909252205603692e-7
9.803138848197658e-7
9.682684613115624e-7
9.406674159128058e-7
9.254780442893853e-7
8.931386470783821e-7
8.591220188719509e-7
8.41790972233073e-7
8.070026648312554e-7
7.726300031043272e-7
7.392561159398754e-7
6.920334682610751e-7
6.628911159539457e-7
6.358320769455905e-7
5.992827345220478e-7
5.674792067131844e-7
5.40058077889315e-7
5.164857196354799e-7
4.961382526230225e-7
4.783555176567318e-7
4.5750579765223975e-7
4.3862494707674e-7
4.2054759701144914e-7
4.024679150994032e-7
3.792600356231143e-7
3.553319230571808e-7
3.311645400315829e-7
3.075177419388399e-7
2.809495305643417e-7
2.6107799147194423e-7
2.3744546726546782e-7
2.2110052506004684e-7
2.0590629737744986e-7
1.9213370208014734e-7
1.8184485872579557e-7
1.6952807830817586e-7
1.5873546495876905e-7
1.4671114190663244e-7
1.3410765801070375e-7
1.2305708643934896e-7
3.8514035669335024e-7
4.327759360076082e-7
4.686502448097645e-7
5.031022207778647e-7
5.359820715415389e-7
5.677529085877065e-7
5.982980235192196e-7
6.271057868875908e-7
6.536646637251326e-7
6.776587106413971e-7
6.989864259108512e-7
7.176988214487741e-7
7.339247312578657e-7
7.478145466452547e-7
7.595092965869468e-7
7.691303814558362e-7
7.767818828169288e-7
7.825581644068141e-7
7.865517855265145e-7
7.888591228978371e-7
7.888321187037384e-7
7.867198343058446e-7
7.833604741058368e-7
7.733474661671444e-7
7.669054309743522e-7
7.516322303633421e-7
7.337420388848338e-7
7.240086083732033e-7
7.033153587347977e-7
6.814187676185649e-7
6.588000354031166e-7
6.244556544302849e-7
6.018148685347632e-7
5.797217426905154e-7
5.480791370191223e-7
5.186702298145611e-7
4.917845900756379e-7
4.675482260791443e-7
4.459628233202792e-7
4.269254737758701e-7
4.0515959616257805e-7
3.8691927070955333e-7
3.7143186827931863e-7
3.5791494264197563e-7
3.4271682883939316e-7
3.2835551997523854e-7
3.1400304995684556e-7
2.991634875620436e-7
2.8051790296859916e-7
2.64489907118793e-7
2.421050390894858e-7
2.2383071366842314e-7
2.045114526229031e-7
1.858474548033171e-7
1.7270569441755007e-7
1.5970761441938244e-7
1.5083822998223005e-7
1.4246881927878184e-7
1.3377013391049484e-7
1.2493802558491563e-7
3.452589326663135e-7
3.6977630695355127e-7
3.8728125039409456e-7
4.061409118711834e-7
4.2538537625050643e-7
4.453003515419218e-7
4.656741477492381e-7
4.858759491679699e-7
5.052609482272198e-7
5.233851351947515e-7
5.400327743659624e-7
5.551547629534827e-7
5.687907896454814e-7
5.810096153679522e-7
5.918756721265199e-7
6.014374554592154e-7
6.097293314014443e-7
6.167790826000785e-7
6.226159071763276e-7
6.272760866547389e-7
6.332591585198447e-7
6.346992201562708e-7
6.351916070456107e-7
6.335981748670952e-7
6.316383828836087e-7
6.256765848831814e-7
6.173217013197095e-7
6.123589112253929e-7
6.010716614675785e-7
5.882405630763488e-7
5.741881130228204e-7
5.514995555308744e-7
5.357167394153233e-7
5.196974183591288e-7
4.956650763796491e-7
4.7210632939151343e-7
4.4943750328434846e-7
4.2797695370597735e-7
4.0796105116820254e-7
3.8954368214920887e-7
3.6758063938317807e-7
3.485215435133415e-7
3.321362067655405e-7
3.180975580019199e-7
3.032892957639305e-7
2.90824725002519e-7
2.7994053202022035e-7
2.699117505548668e-7
2.5816917610547177e-7
2.481613806223164e-7
2.334593867229052e-7
2.202304242669092e-7
2.043961285132648e-7
1.8653785573527828e-7
1.7191938820203226e-7
1.5546967180310447e-7
1.4347888143140815e-7
1.3286094606738113e-7
1.2400450928796597e-7
1.1722008140130088e-7
3.0216386028788217e-7
3.0486751874537756e-7
3.0783148106977164e-7
3.1491105277248246e-7
3.2367385246179626e-7
3.346134201087475e-7
3.4753523026841326e-7
3.6156381793723967e-7
3.7576646082605454e-7
3.894917679336805e-7
4.024160500634809e-7
4.144507148355905e-7
4.2562502893944413e-7
4.3599768163480973e-7
4.4560945646638795e-7
4.5446945864058657e-7
4.625614902814689e-7
4.6985845990524494e-7
4.763366035330813e-7
4.819853067025215e-7
4.908385806451111e-7
4.941038388981607e-7
4.966521603252483e-7
4.997880337709449e-7
5.004643020359728e-7
5.002169015521934e-7
4.980212387155747e-7
4.9624989909143e-7
4.914661953700861e-7
4.851806208104794e-7
4.775990848739209e-7
4.642866295286761e-7
4.544373479229342e-7
4.440343692623985e-7
4.277321721972391e-7
4.109630638990381e-7
3.9407223374499203e-7
3.7737019734801913e-7
3.6114338840596793e-7
3.4563577135138873e-7
3.2637543541971605e-7
3.089249575550177e-7
2.933274204207238e-7
2.795312278919612e-7
2.646779142857296e-7
2.522418867765447e-7
2.4184922627906364e-7
2.3302055356535153e-7
2.237928364396619e-7
2.1674636497571668e-7
2.0722570479509314e-7
1.9894764429980657e-7
1.8876894564934229e-7
1.7630784805694515e-7
1.6494028645603626e-7
1.5042717807237797e-7
1.3828243428578066e-7
1.2605798152728215e-7
1.1478481857134419e-7
1.0614380841763005e-7
2.880812450790007e-7
2.8136993984623846e-7
2.760445170289233e-7
2.758718209455701e-7
2.7836154786005625e-7
2.836500515902192e-7
2.913450169134105e-7
3.005256344441643e-7
3.102774540459356e-7
3.199726892209318e-7
3.2929474334782064e-7
3.3814461767287186e-7
3.46530314978183e-7
3.544854343204799e-7
3.6202652392319927e-7
3.6914136576169995e-7
3.757955141746021e-7
3.819458852569023e-7
3.875538979571692e-7
3.925943934543662e-7
4.0095732094526037e-7
4.043095819609487e-7
4.0714547890866423e-7
4.1139693720454056e-7
4.1287202285533625e-7
4.146369862806745e-7
4.149255966929909e-7
4.145452201296506e-7
4.1278848646054245e-7
4.097895966064942e-7
4.0567716172657125e-7
3.9775227448124115e-7
3.915222201559339e-7
3.846947749870537e-7
3.7357424349382774e-7
3.616623656573741e-7
3.492163329027957e-7
3.364868341299281e-7
3.2372416013849306e-7
3.111577668238811e-7
2.9501835881988716e-7
2.7983412408406925e-7
2.6575295361533743e-7
2.528533014673878e-7
2.384645437337826e-7
2.260247062118376e-7
2.1542789174679442e-7
2.0643614846169584e-7
1.9734326659956683e-7
1.908467033888242e-7
1.8290373844091475e-7
1.7672756309205757e-7
1.6971641321185138e-7
1.614030102759392e-7
1.5365150004309107e-7
1.4309960247003824e-7
1.3339860115938825e-7
1.2252743644890924e-7
1.1119498830791422e-7
1.013575542122566e-7
2.768327717050799e-7
2.6255076608978767e-7
2.5111771690030604e-7
2.4577284893909565e-7
2.438019165372132e-7
2.450860389724755e-7
2.4907878277966967e-7
2.547977139771434e-7
2.6131784481115065e-7
2.680194501165477e-7
2.745949515959376e-7
2.8094856706582804e-7
2.870849571635562e-7
2.930295556974688e-7
2.9878814636642644e-7
3.043369462782214e-7
3.096302584775153e-7
3.146145568649242e-7
3.192416921112395e-7
3.2347764143134163e-7
3.3072705847621364e-7
3.337540492165912e-7
3.364081527061995e-7
3.406937943690485e-7
3.4236861639192624e-7
3.448587046817695e-7
3.462563257063945e-7
3.465565330287255e-7
3.4637968340655794e-7
3.452104414926404e-7
3.431299339690729e-7
3.385350614657375e-7
3.3465276068019975e-7
3.302309064791255e-7
3.227532199069529e-7
3.144374624934497e-7
3.0545800459480935e-7
2.959992139794205e-7
2.8626023430746187e-7
2.7643379484002157e-7
2.634690411110442e-7
2.5089901786658785e-7
2.388900307871491e-7
2.2756445502171257e-7
2.1453337005348648e-7
2.0289620273401126e-7
1.9268749398779214e-7
1.8381654841672762e-7
1.7472368101824501e-7
1.6826488384721154e-7
1.6064623240353437e-7
1.5512722683629573e-7
1.4939820325380317e-7
1.4320843498870342e-7
1.3776943072790768e-7
1.3048667907432581e-7
1.2359165207788544e-7
1.1535107300241277e-7
1.059691308168895e-7
9.697615025104682e-8
2.685861890947688e-7
2.478981247811203e-7
2.3249150494805983e-7
2.237396292477226e-7
2.1831949107155977e-7
2.1641624484022257e-7
2.176123446821752e-7
2.2085498481590353e-7
2.2509857809297145e-7
2.2963937163160296e-7
2.3414055914263314e-7
2.3851623468813956e-7
2.427970179661666e-7
2.470327922357278e-7
2.5124335896604385e-7
2.554068269877625e-7
2.5946989584731715e-7
2.6336620682825397e-7
2.670336025005298e-7
2.704257665800853e-7
2.763024822592576e-7
2.787920187002084e-7
2.8100589603285984e-7
2.84700805336947e-7
2.862227851110812e-7
2.886778571893423e-7
2.903689509092074e-7
2.9092433560459345e-7
2.91444313021302e-7
2.911846965505494e-7
2.9019217080324094e-7
2.8750876040559666e-7
2.850569175109455e-7
2.821659667269296e-7
2.7712096724794973e-7
2.7132536579851803e-7
2.648735193604587e-7
2.5788699285294845e-7
2.505222981874046e-7
2.4294447044491617e-7
2.3274726154707344e-7
2.226418338071549e-7
2.1275867904273793e-7
2.0320338428057526e-7
1.9190192884103918e-7
1.8151918849198608e-7
1.721728694761377e-7
1.6385165889863478e-7
1.5511166799968793e-7
1.4878558333394744e-7
1.4127946144837208e-7
1.3593423831288335e-7
1.3063216917978182e-7
1.2532423587536651e-7
1.2103239981116876e-7
1.1569449105012487e-7
1.1082874608314872e-7
1.049440422948842e-7
9.792664942180863e-8
9.075301774322524e-8
2.7812681148126193e-7
2.5836920065672e-7
2.428542715172254e-7
2.3336522171951707e-7
2.267626468240637e-7
2.234371754283622e-7
2.2308849178787437e-7
2.2471432127434514e-7
2.2729073336375065e-7
2.3012913684147922e-7
2.3290945156486717e-7
2.3556452008703143e-7
2.3814363246053854e-7
2.407131973271012e-7
2.4330625904093123e-7
2.4591069248588396e-7
2.4847991776239496e-7
2.5095195580520726e-7
2.532674025658096e-7
2.5538164605516306e-7
2.589283370519405e-7
2.6036660458394585e-7
2.616050026436586e-7
2.635739360619168e-7
2.643432278226065e-7
2.6550524169112975e-7
2.66171942201242e-7
2.663098034037635e-7
2.6617130340713895e-7
2.654717343204134e-7
2.6423813327382007e-7
2.615245818836726e-7
2.592464178119649e-7
2.566623780100828e-7
2.522869482100958e-7
2.4735835209517063e-7
2.4191564942865455e-7
2.3603223297897895e-7
2.2982351211436534e-7
2.2341919334569708e-7
2.147610777591273e-7
2.061088993294046e-7
1.975444594934841e-7
1.8914104288352165e-7
1.7902239083184666e-7
1.695367842926223e-7
1.6082024059930085e-7
1.5288976675353627e-7
1.443531868719661e-7
1.3802598837274768e-7
1.303580963973839e-7
1.2482089245805933e-7
1.1934209257351066e-7
1.140093229202221e-7
1.0992173922648258e-7
1.0520955415026774e-7
1.0123838587102092e-7
9.666219780669038e-8
9.128825151026596e-8
8.57075075664024e-8
