2.8907942473238265e-9
3.751286288387446e-9
3.9128643938467455e-9
3.817013419299697e-9
3.6306889367724e-9
3.4247174901298e-9
3.2267897557663494e-9
3.045473699275029e-9
2.8816774330369856e-9
2.7338077312870075e-9
2.599822125813053e-9
2.477871071619219e-9
2.3663881797300884e-9
2.264023668557123e-9
2.169575130980982e-9
2.081955600882891e-9
2.00019325574513e-9
1.923445215672189e-9
1.8510103244287676e-9
1.7823324235067818e-9
1.6546869483761368e-9
1.5952097813299612e-9
1.5384197875353521e-9
1.4325337471382683e-9
1.3832955554686269e-9
1.291877545737928e-9
1.2093233861807863e-9
1.1711407677550122e-9
1.100485217020069e-9
1.0368317145900432e-9
9.795159477119046e-10
9.041574363635353e-10
8.602200867162792e-10
8.207163580875814e-10
7.686226337743206e-10
7.235795643666471e-10
6.840198850477504e-10
6.486741607856851e-10
6.1659524862402e-10
5.870965677676847e-10
5.509077769854187e-10
5.174896730742956e-10
4.862378442266539e-10
4.5689638052062623e-10
4.2301276341253797e-10
3.92622224558753e-10
3.659478324105314e-10
3.4276659079787014e-10
3.188008357127657e-10
3.0139532470016427e-10
2.801757926151769e-10
2.6439531818691995e-10
2.480940605691641e-10
2.3130369598806568e-10
2.1775013412364286e-10
2.0189492295563615e-10
1.8942196277440505e-10
1.7703671115122726e-10
1.6490802603456427e-10
1.5429027644858687e-10
5.59457980775409e-9
7.175002761089822e-9
7.3123882501754004e-9
6.9031049301052584e-9
6.3019870940135185e-9
5.664466292389979e-9
5.05507851655607e-9
4.496925421602979e-9
3.995380584176721e-9
3.5489808257704126e-9
3.1540129009393153e-9
2.8061992005369637e-9
2.501195886519441e-9
2.23469881851175e-9
2.002477619190484e-9
1.8004326233169062e-9
1.6246773254184053e-9
1.4716226274460987e-9
1.338041055299915e-9
1.221099690942592e-9
1.0277569542505086e-9
9.475474163275203e-10
8.762690775457831e-10
7.557432290898786e-10
7.045330092954339e-10
6.162441566961699e-10
5.425995443976075e-10
5.099877185273986e-10
4.512339915566745e-10
3.9923099241507233e-10
3.524632303753259e-10
2.9034882597050296e-10
2.53733365867254e-10
2.2073311079058678e-10
1.7770824186612667e-10
1.4198401781409627e-10
1.1297596903903561e-10
9.011696492124627e-11
7.286615414677735e-11
6.06324056647393e-11
5.085699729532251e-11
4.664000250997446e-11
4.585059477280834e-11
4.6757115171913584e-11
4.867652579915208e-11
5.062418376634101e-11
5.2207129989612225e-11
5.30908438570529e-11
5.2897978520369884e-11
5.182439622106441e-11
4.989839022674128e-11
4.879608500978277e-11
4.858074043282407e-11
4.924702391786901e-11
5.007946430645898e-11
5.124255156209346e-11
5.222807944359565e-11
5.281932728303534e-11
5.250957663035642e-11
5.1662918215919036e-11
5.7387539459714545e-9
7.2419015114170715e-9
7.2192960971664615e-9
6.6326608157750175e-9
5.862284407164957e-9
5.072238447499535e-9
4.3291212341086685e-9
3.655579547698736e-9
3.0556526101096396e-9
2.5263194585957303e-9
2.0623335662959926e-9
1.6579882518650297e-9
1.3076291072942473e-9
1.0057523758881158e-9
7.470270097078738e-10
5.263410851323279e-10
3.3887640321088344e-10
1.8018710925125457e-10
4.62596641006519e-11
-6.645779755449196e-11
-2.402037892390718e-10
-3.061732009790319e-10
-3.609140628393787e-10
-4.431651595247315e-10
-4.733715935601911e-10
-5.174499070696723e-10
-5.455698284149155e-10
-5.554178319090336e-10
-5.693852186136074e-10
-5.783136647424694e-10
-5.843176440264436e-10
-5.903235195617727e-10
-5.930549061425152e-10
-5.949408240180238e-10
-5.961495298488829e-10
-5.952206576387117e-10
-5.918739117696452e-10
-5.857914828798507e-10
-5.766889438232605e-10
-5.644414912465826e-10
-5.435050155387476e-10
-5.18340881571489e-10
-4.905143915644141e-10
-4.615335067529868e-10
-4.25339106457088e-10
-3.903953729508484e-10
-3.576313953409832e-10
-3.278920958992464e-10
-2.9702337749677216e-10
-2.7533720104471514e-10
-2.499602591441786e-10
-2.3136071591108004e-10
-2.1200029805965688e-10
-1.9220695591062492e-10
-1.7653901165383667e-10
-1.5798409776006945e-10
-1.4271027070788396e-10
-1.272703583394844e-10
-1.1274632565835179e-10
-1.0063183424268156e-10
5.795018453224298e-9
7.252274216213572e-9
7.151134602513369e-9
6.482079393992128e-9
5.634990332175334e-9
4.776518245825813e-9
3.973499432329526e-9
3.248101561649439e-9
2.6037193867634083e-9
2.036693165846742e-9
1.5411824697295553e-9
1.1109301996420563e-9
7.397655114375642e-10
4.216946723558634e-10
1.5091942935072735e-10
-7.811724469943674e-11
-2.706555275000594e-10
-4.3153851745309075e-10
-5.651507800470351e-10
-6.7538800202106e-10
-8.389159433175033e-10
-8.97698606210585e-10
-9.441915101415233e-10
-1.007588749361734e-9
-1.0275461406280656e-9
-1.050221676018373e-9
-1.0565080585131858e-9
-1.0555091736459545e-9
-1.0482650452549777e-9
-1.0369469109131217e-9
-1.023922339467332e-9
-1.0039283202209205e-9
-9.910496674098392e-10
-9.78645232718425e-10
-9.606758494497025e-10
-9.42904395575787e-10
-9.245985862247405e-10
-9.050040214350986e-10
-8.834494174966226e-10
-8.594917167662018e-10
-8.236871937613116e-10
-7.841779760231406e-10
-7.423533644854698e-10
-6.996918143700598e-10
-6.469462545519529e-10
-5.962736142691212e-10
-5.488418886982366e-10
-5.056845916144464e-10
-4.6050019622166134e-10
-4.283665645416685e-10
-3.9042674511626426e-10
-3.6267657892734165e-10
-3.340993495822513e-10
-3.051702686846555e-10
-2.823681102913504e-10
-2.5548086536611547e-10
-2.3344057539361115e-10
-2.1106059403801744e-10
-1.896752693558147e-10
-1.7158302209379413e-10
5.851334117584231e-9
7.27705586265205e-9
7.115688963667072e-9
6.380361615543579e-9
5.469091083845721e-9
4.551548554380161e-9
3.695575465600614e-9
2.9235123638769762e-9
2.2385793788580317e-9
1.6367971875550163e-9
1.1119448998162725e-9
6.57359107238372e-10
2.664526697944029e-10
-6.718537350827043e-11
-3.4976461561909777e-10
-5.872416540586642e-10
-7.852394319764558e-10
-9.489630124202742e-10
-1.0831353029162714e-9
-1.1919650508481718e-9
-1.3478984099802037e-9
-1.4009918830547137e-9
-1.4408258907642435e-9
-1.488736730299383e-9
-1.5001860983205613e-9
-1.5049774871031222e-9
-1.4929162119236361e-9
-1.4827769595148576e-9
-1.4576261973774279e-9
-1.4291893425243152e-9
-1.4000617288335691e-9
-1.3580528664972638e-9
-1.3319525200125276e-9
-1.3074415672924695e-9
-1.2732193261173221e-9
-1.241165445312979e-9
-1.2101622743084685e-9
-1.1790825882636453e-9
-1.1469244911591379e-9
-1.1129734191033545e-9
-1.0644475899528635e-9
-1.0126322599740091e-9
-9.587761763557681e-10
-9.043418874269241e-10
-8.373429176025152e-10
-7.731196718340891e-10
-7.130508224018624e-10
-6.5833671739705e-10
-6.008317920009122e-10
-5.597157679736693e-10
-5.109847976241002e-10
-4.753784795836668e-10
-4.388880738693514e-10
-4.021126638649753e-10
-3.731794056825263e-10
-3.391243585118003e-10
-3.112578625331228e-10
-2.82901221078729e-10
-2.5561061932951385e-10
-2.323773132782403e-10
5.594579807753647e-9
7.1750027610896645e-9
7.312388250175384e-9
6.90310493010526e-9
6.301987094013562e-9
5.664466292390021e-9
5.055078516556092e-9
4.496925421602979e-9
3.995380584176723e-9
3.5489808257704047e-9
3.1540129009393087e-9
2.806199200536967e-9
2.501195886519439e-9
2.2346988185117514e-9
2.0024776191904864e-9
1.800432623316907e-9
1.6246773254184084e-9
1.4716226274460981e-9
1.3380410552999124e-9
1.2210996909425904e-9
1.027756954250507e-9
9.475474163275168e-10
8.762690775457828e-10
7.557432290898794e-10
7.045330092954346e-10
6.162441566961721e-10
5.4259954439761e-10
5.099877185274003e-10
4.512339915566759e-10
3.992309924150722e-10
3.524632303753253e-10
2.9034882597050245e-10
2.5373336586725375e-10
2.20733110790587e-10
1.7770824186612744e-10
1.4198401781409673e-10
1.1297596903903575e-10
9.011696492124633e-11
7.286615414677726e-11
6.063240566473899e-11
5.0856997295322657e-11
4.664000250997483e-11
4.5850594772808754e-11
4.675711517191385e-11
4.867652579915229e-11
5.062418376634123e-11
5.22071299896122e-11
5.3090843857052796e-11
5.289797852036983e-11
5.1824396221064445e-11
4.9898390226741507e-11
4.879608500978304e-11
4.8580740432824184e-11
4.9247023917868984e-11
5.0079464306458924e-11
5.124255156209352e-11
5.2228079443595733e-11
5.281932728303533e-11
5.250957663035633e-11
5.166291821591899e-11
1.460361074944549e-8
2.076098365813e-8
2.3436058464907692e-8
2.4470144469706232e-8
2.466799555491876e-8
2.44218514196071e-8
2.3930595404250588e-8
2.329942281256327e-8
2.2587820583165792e-8
2.1832495958102365e-8
2.1058038501645408e-8
2.0281779258515522e-8
1.9516071241955554e-8
1.8769517253729325e-8
1.8047803120848894e-8
1.73543773146885e-8
1.669103844915445e-8
1.6058430422043118e-8
1.5456435414821958e-8
1.48844637365561e-8
1.3826978641545138e-8
1.3339343943438872e-8
1.2877589907564093e-8
1.2026905041263505e-8
1.1635487442121434e-8
1.0914139298186353e-8
1.026631333814414e-8
9.96690485800667e-9
9.411429398024155e-9
8.907027735819151e-9
8.446741730864203e-9
7.82668168485964e-9
7.453549088194646e-9
7.108211937463386e-9
6.63552183215449e-9
6.209463696238637e-9
5.823071341135631e-9
5.471084237424086e-9
5.149602479860777e-9
4.855630379676262e-9
4.502150323873442e-9
4.187741998907245e-9
3.907513479474598e-9
3.6572819363354765e-9
3.381596006930495e-9
3.142106710650015e-9
2.933625383497119e-9
2.7507371632244047e-9
2.557809640947127e-9
2.4143624399538624e-9
2.2347072144197003e-9
2.0974087733687177e-9
1.953820237066268e-9
1.8082574124852885e-9
1.6950709238607848e-9
1.5674959371872467e-9
1.4696216056219866e-9
1.3740957320216956e-9
1.2820211810727955e-9
1.2015609981622767e-9
1.6394344015783207e-8
2.3609135785170978e-8
2.6899076397117037e-8
2.8287776445008105e-8
2.868244391920995e-8
2.853322283212022e-8
2.8071862474782657e-8
2.7423088684730633e-8
2.6658986958485972e-8
2.5825173465239166e-8
2.495300167083548e-8
2.4065136033722553e-8
2.3178180805462667e-8
2.230411327104259e-8
2.1451272990349088e-8
2.0625178508336707e-8
1.982923749942753e-8
1.906534697447183e-8
1.8334370894242847e-8
1.7636493937022917e-8
1.6338744364278377e-8
1.5737602382670487e-8
1.5167154710028523e-8
1.4114191304826837e-8
1.3629335422043343e-8
1.2736408512243886e-8
1.1936699161651114e-8
1.1568344387261818e-8
1.0887999982944894e-8
1.0274685125885886e-8
9.719709707019556e-9
8.980556943588708e-9
8.540942833962732e-9
8.13766196353651e-9
7.59098981887042e-9
7.1027350716865935e-9
6.662414102597803e-9
6.262031721878065e-9
5.895688076822776e-9
5.559010284290151e-9
5.150472647870969e-9
4.782235732111513e-9
4.449215291948828e-9
4.147675311163841e-9
3.811243436620208e-9
3.5165457498951827e-9
3.2599589959663717e-9
3.036942378116872e-9
2.8065327722455017e-9
2.6401159624555472e-9
2.438837614568448e-9
2.2902430121343122e-9
2.138418016237472e-9
1.9858319099153294e-9
1.8661042934263354e-9
1.7280293176595724e-9
1.6188836161986322e-9
1.5096107771618534e-9
1.4029854992580446e-9
1.3106648782855562e-9
1.7454578306785193e-8
2.5236761221709467e-8
2.8808733709715196e-8
3.032780553684017e-8
3.077100865188047e-8
3.062296487884531e-8
3.013333178091323e-8
2.943683768186739e-8
2.8611657861814468e-8
2.7707460817566185e-8
2.675851025970225e-8
2.5789676259223575e-8
2.4819287948561676e-8
2.3860691617562913e-8
2.2923318429637304e-8
2.201355662283014e-8
2.113550413937191e-8
2.029160250583239e-8
1.9483141255309397e-8
1.8710632853259605e-8
1.727309938719267e-8
1.6607103170436917e-8
1.597526979536184e-8
1.481001133079405e-8
1.4274194079025107e-8
1.3289378031817844e-8
1.2410465628831863e-8
1.2006953577940163e-8
1.1264478528010185e-8
1.0598956047653708e-8
1.0000498837352107e-8
9.209938664602452e-9
8.743664069993194e-9
8.318635148266766e-9
7.746593261655774e-9
7.2393512343341635e-9
6.784274854331634e-9
6.371701506319129e-9
5.994501902391762e-9
5.647449808090704e-9
5.224925194827612e-9
4.841984656601139e-9
4.493465703249256e-9
4.175923954324235e-9
3.819559635637153e-9
3.506066165799752e-9
3.2328427489833146e-9
2.9960873049033245e-9
2.7535522002876886e-9
2.5807200881354695e-9
2.3755977810013116e-9
2.2276142464189904e-9
2.0796536594665406e-9
1.9336705559431134e-9
1.8201227270225037e-9
1.6890309873889092e-9
1.5844805834255787e-9
1.4784330094923216e-9
1.373483496473833e-9
1.2817505136728732e-9
1.842215308955735e-8
2.6703550605332983e-8
3.05210760912833e-8
3.215816676973838e-8
3.2653010793458396e-8
3.251832379093122e-8
3.2017488799454436e-8
3.129265227040121e-8
3.042654984470055e-8
2.9472033575899224e-8
2.846580648522849e-8
2.743470447016816e-8
2.6398671176175145e-8
2.537238105961575e-8
2.436635164319112e-8
2.3387852809682682e-8
2.2441692475149105e-8
2.1530879642202597e-8
2.065715371060383e-8
1.9821379889620577e-8
1.826433370404659e-8
1.7542441167405303e-8
1.6857431188905716e-8
1.5594162370196526e-8
1.5013517365512408e-8
1.3947210703773802e-8
1.2997204441154887e-8
1.2561807653216632e-8
1.1762335479479382e-8
1.1048057184062361e-8
1.0408121999105188e-8
9.566928957817563e-9
9.073321837253207e-9
8.625139606432467e-9
8.024604026276244e-9
7.494454413718695e-9
7.0202981841241914e-9
6.591111629756617e-9
6.198764361617802e-9
5.8373364007927055e-9
5.39610780321196e-9
4.994545031893164e-9
4.627402839767758e-9
4.291446645931885e-9
3.912936546535266e-9
3.5790467674187654e-9
3.2879001178855695e-9
3.0361692979079817e-9
2.779804134691632e-9
2.5987957534669725e-9
2.3867272870655435e-9
2.2361226923385088e-9
2.0877369291105855e-9
1.9430901262403732e-9
1.831113894535444e-9
1.7014940479999455e-9
1.5972927039013616e-9
1.4905624465750428e-9
1.3839750596580633e-9
1.2903682196901343e-9
5.738753945971603e-9
7.2419015114166075e-9
7.2192960971657385e-9
6.6326608157745005e-9
5.862284407164586e-9
5.0722384474994146e-9
4.329121234108628e-9
3.6555795476987787e-9
3.05565261010966e-9
2.5263194585957535e-9
2.0623335662960083e-9
1.6579882518650344e-9
1.3076291072942417e-9
1.0057523758880833e-9
7.470270097078478e-10
5.263410851322995e-10
3.388764032108564e-10
1.8018710925123102e-10
4.6259664100634015e-11
-6.645779755451179e-11
-2.4020378923907995e-10
-3.0617320097903084e-10
-3.609140628393763e-10
-4.4316515952473007e-10
-4.733715935601911e-10
-5.174499070696757e-10
-5.45569828414921e-10
-5.554178319090394e-10
-5.693852186136119e-10
-5.783136647424719e-10
-5.843176440264442e-10
-5.903235195617724e-10
-5.930549061425148e-10
-5.949408240180244e-10
-5.961495298488841e-10
-5.95220657638713e-10
-5.918739117696461e-10
-5.857914828798511e-10
-5.766889438232597e-10
-5.64441491246583e-10
-5.435050155387474e-10
-5.183408815714896e-10
-4.905143915644148e-10
-4.615335067529868e-10
-4.253391064570874e-10
-3.9039537295084883e-10
-3.576313953409841e-10
-3.278920958992475e-10
-2.9702337749677283e-10
-2.753372010447153e-10
-2.4996025914417857e-10
-2.3136071591108022e-10
-2.1200029805965753e-10
-1.9220695591062539e-10
-1.7653901165383695e-10
-1.5798409776006965e-10
-1.42710270707884e-10
-1.272703583394845e-10
-1.1274632565835175e-10
-1.0063183424268157e-10
1.6394344015789083e-8
2.360913578516912e-8
2.6899076397112977e-8
2.828777644500737e-8
2.8682443919210948e-8
2.853322283212117e-8
2.807186247478305e-8
2.7423088684730587e-8
2.6658986958485807e-8
2.5825173465239054e-8
2.4953001670835505e-8
2.4065136033722682e-8
2.3178180805462845e-8
2.230411327104273e-8
2.1451272990349154e-8
2.0625178508336703e-8
1.982923749942746e-8
1.9065346974471708e-8
1.8334370894242715e-8
1.7636493937022795e-8
1.6338744364278304e-8
1.5737602382670438e-8
1.51671547100285e-8
1.4114191304826837e-8
1.3629335422043346e-8
1.273640851224388e-8
1.1936699161651107e-8
1.156834438726181e-8
1.0887999982944895e-8
1.0274685125885906e-8
9.719709707019558e-9
8.980556943588726e-9
8.540942833962736e-9
8.137661963536507e-9
7.590989818870397e-9
7.102735071686577e-9
6.6624141025977955e-9
6.262031721878074e-9
5.895688076822782e-9
5.5590102842901555e-9
5.1504726478709685e-9
4.7822357321115105e-9
4.449215291948831e-9
4.147675311163847e-9
3.811243436620212e-9
3.5165457498951814e-9
3.259958995966365e-9
3.036942378116866e-9
2.8065327722455037e-9
2.6401159624555493e-9
2.438837614568448e-9
2.290243012134311e-9
2.1384180162374706e-9
1.985831909915329e-9
1.866104293426334e-9
1.7280293176595712e-9
1.6188836161986324e-9
1.5096107771618568e-9
1.4029854992580458e-9
1.3106648782855564e-9
1.9081804572299835e-8
2.8205450393176754e-8
3.2878350532847606e-8
3.5319154991003875e-8
3.654411515272156e-8
3.7060124118423645e-8
3.713375748273136e-8
3.6913903776094124e-8
3.649052078656375e-8
3.5922917687433676e-8
3.525323898823371e-8
3.45129029347961e-8
3.3725822692941994e-8
3.291023203886191e-8
3.207992357101034e-8
3.12452187691721e-8
3.041377364198208e-8
2.959124338337524e-8
2.8781810185891176e-8
2.7988581945656698e-8
2.6459423900165744e-8
2.572647939627624e-8
2.5015921191938816e-8
2.3663877655090113e-8
2.3022673972247173e-8
2.1808961424804044e-8
2.0683701962981606e-8
2.015267038719627e-8
1.9150171455195193e-8
1.8222083852648335e-8
1.736254780717715e-8
1.6189801968692902e-8
1.5478274748236456e-8
1.4817461037118068e-8
1.3911673943719205e-8
1.3096203384554204e-8
1.2358812290899747e-8
1.1689038488583225e-8
1.107810063119326e-8
1.0518593295588367e-8
9.8416906018674e-9
9.23204730703552e-9
8.679005227416322e-9
8.174229944153344e-9
7.601926024026702e-9
7.086957339177155e-9
6.622729272162546e-9
6.203358521191421e-9
5.751885721195352e-9
5.4137420992054916e-9
4.9920283498289e-9
4.673621504473074e-9
4.3459299227356444e-9
4.01994282359587e-9
3.769685942798727e-9
3.487356226122922e-9
3.2671810733999616e-9
3.0471658370551212e-9
2.8301188871863836e-9
2.637246168387997e-9
2.0795083623451e-8
3.105198157716913e-8
3.6492726259858366e-8
3.94704134533379e-8
4.10810592472146e-8
4.1880868396816235e-8
4.2164971192198335e-8
4.209904775028829e-8
4.178387259679075e-8
4.128664026204475e-8
4.0655824456768704e-8
3.992815583678812e-8
3.9132037461238243e-8
3.82894611572707e-8
3.741732809917803e-8
3.652851550733496e-8
3.563278676461087e-8
3.473755536855068e-8
3.384849681472599e-8
3.297001156880903e-8
3.125786289916748e-8
3.042909119122477e-8
2.9620912780608004e-8
2.8070956856972852e-8
2.733059185538027e-8
2.5920372316203715e-8
2.4603208378825482e-8
2.3978568275807146e-8
2.2794421477694684e-8
2.169295027106574e-8
2.066900205325687e-8
1.9267337351604843e-8
1.8415199531752243e-8
1.762326751837624e-8
1.653793471689721e-8
1.5562131344003743e-8
1.4681826046867644e-8
1.3884681280382002e-8
1.3160087776395106e-8
1.2498895363883425e-8
1.1702173072333322e-8
1.0987368998658392e-8
1.0340568247198996e-8
9.750744792631686e-9
9.081265747599348e-9
8.476613596544509e-9
7.928223266731362e-9
7.428920625461741e-9
6.8861637573676536e-9
6.475660506624556e-9
5.958851452730855e-9
5.565453454214991e-9
5.1586914371844975e-9
4.754114067990058e-9
4.445589750295683e-9
4.1020855808926424e-9
3.838811194125869e-9
3.580096819887695e-9
3.3285011241305477e-9
3.106465411193723e-9
2.240331680428748e-8
3.3652696260660095e-8
3.971208893271329e-8
4.309477681628495e-8
4.498329186575358e-8
4.5979007234190955e-8
4.640173914348849e-8
4.643158017373664e-8
4.617843802627358e-8
4.571582852456984e-8
4.509695854335039e-8
4.4362314277317685e-8
4.354338855412846e-8
4.266476659386743e-8
4.174554916439322e-8
4.080049011511928e-8
3.984096089216669e-8
3.887575868045525e-8
3.7911754725915094e-8
3.6954387147723316e-8
3.507616288561032e-8
3.416167625664106e-8
3.3266830231927734e-8
3.154271240606506e-8
3.071570407826926e-8
2.913477701960395e-8
2.765206517145144e-8
2.6947084293034744e-8
2.560783612061464e-8
2.4359353660389148e-8
2.3196973990506813e-8
2.1604177691592296e-8
2.0635585152736234e-8
1.973573470632924e-8
1.8503781181594538e-8
1.7398363355696645e-8
1.6403787085530582e-8
1.550596490562384e-8
1.4692547336254828e-8
1.3952715504620487e-8
1.3064308217417869e-8
1.2269854509749659e-8
1.155261177221353e-8
1.0899239639955804e-8
1.0157297449393836e-8
9.485579429132889e-9
8.873848120134264e-9
8.313957823136874e-9
7.701546355459364e-9
7.235527938807823e-9
6.645394705166895e-9
6.193946457981294e-9
5.725936219925011e-9
5.260708808972071e-9
4.907529005195457e-9
4.517635861135899e-9
4.222322890267131e-9
3.93582191382732e-9
3.6606482726529023e-9
3.4196710102398524e-9
5.795018453223197e-9
7.252274216212456e-9
7.151134602513138e-9
6.482079393991701e-9
5.634990332174771e-9
4.776518245825634e-9
3.9734994323295095e-9
3.2481015616494894e-9
2.6037193867634616e-9
2.036693165846758e-9
1.5411824697295315e-9
1.1109301996420015e-9
7.397655114375001e-10
4.2169467235577165e-10
1.509194293506762e-10
-7.811724469947253e-11
-2.706555275000849e-10
-4.3153851745310677e-10
-5.651507800470475e-10
-6.753880020210734e-10
-8.38915943317522e-10
-8.976986062106067e-10
-9.441915101415452e-10
-1.007588749361755e-9
-1.0275461406280838e-9
-1.050221676018385e-9
-1.0565080585131995e-9
-1.0555091736459617e-9
-1.048265045254983e-9
-1.0369469109131277e-9
-1.0239223394673387e-9
-1.0039283202209282e-9
-9.910496674098448e-10
-9.78645232718429e-10
-9.60675849449705e-10
-9.429043955757896e-10
-9.245985862247437e-10
-9.050040214351022e-10
-8.83449417496627e-10
-8.59491716766205e-10
-8.236871937613133e-10
-7.841779760231407e-10
-7.423533644854707e-10
-6.99691814370061e-10
-6.469462545519541e-10
-5.962736142691221e-10
-5.488418886982367e-10
-5.056845916144467e-10
-4.6050019622166207e-10
-4.28366564541669e-10
-3.904267451162641e-10
-3.6267657892734113e-10
-3.3409934958225126e-10
-3.051702686846562e-10
-2.8236811029135156e-10
-2.554808653661163e-10
-2.334405753936117e-10
-2.1106059403801772e-10
-1.8967526935581478e-10
-1.7158302209379418e-10
1.7454578306799527e-8
2.523676122171215e-8
2.8808733709719494e-8
3.032780553684106e-8
3.0771008651881004e-8
3.062296487884568e-8
3.013333178091379e-8
2.9436837681868056e-8
2.8611657861815044e-8
2.7707460817566543e-8
2.6758510259702404e-8
2.578967625922356e-8
2.4819287948561606e-8
2.3860691617562747e-8
2.292331842963718e-8
2.2013556622830213e-8
2.1135504139372014e-8
2.029160250583252e-8
1.9483141255309536e-8
1.871063285325965e-8
1.727309938719272e-8
1.6607103170436936e-8
1.5975269795361802e-8
1.4810011330794055e-8
1.4274194079025115e-8
1.328937803181788e-8
1.2410465628831916e-8
1.2006953577940224e-8
1.1264478528010236e-8
1.0598956047653746e-8
1.0000498837352119e-8
9.209938664602435e-9
8.74366406999319e-9
8.318635148266764e-9
7.746593261655785e-9
7.239351234334179e-9
6.7842748543316434e-9
6.371701506319137e-9
5.994501902391764e-9
5.647449808090703e-9
5.22492519482762e-9
4.841984656601152e-9
4.493465703249261e-9
4.17592395432424e-9
3.819559635637156e-9
3.5060661657997536e-9
3.2328427489833187e-9
2.996087304903328e-9
2.753552200287692e-9
2.58072008813547e-9
2.375597781001314e-9
2.227614246418994e-9
2.0796536594665427e-9
1.9336705559431142e-9
1.820122727022503e-9
1.68903098738891e-9
1.58448058342558e-9
1.4784330094923227e-9
1.3734834964738326e-9
1.281750513672875e-9
2.0795083623453964e-8
3.1051981577170894e-8
3.649272625985875e-8
3.947041345333774e-8
4.1081059247214247e-8
4.188086839681581e-8
4.2164971192197925e-8
4.209904775028727e-8
4.178387259679054e-8
4.128664026204465e-8
4.065582445676872e-8
3.992815583678822e-8
3.913203746123839e-8
3.8289461157270855e-8
3.7417328099178216e-8
3.652851550733512e-8
3.5632786764611e-8
3.47375553685508e-8
3.384849681472608e-8
3.297001156880898e-8
3.12578628991675e-8
3.042909119122478e-8
2.9620912780608027e-8
2.807095685697278e-8
2.733059185538019e-8
2.5920372316203708e-8
2.4603208378825462e-8
2.3978568275807133e-8
2.279442147769466e-8
2.169295027106573e-8
2.0669002053256854e-8
1.926733735160483e-8
1.841519953175224e-8
1.7623267518376237e-8
1.653793471689721e-8
1.5562131344003743e-8
1.468182604686765e-8
1.3884681280382005e-8
1.316008777639511e-8
1.2498895363883428e-8
1.1702173072333325e-8
1.0987368998658387e-8
1.0340568247198993e-8
9.750744792631687e-9
9.081265747599353e-9
8.476613596544516e-9
7.92822326673136e-9
7.428920625461739e-9
6.886163757367655e-9
6.475660506624557e-9
5.9588514527308545e-9
5.565453454214992e-9
5.158691437184496e-9
4.754114067990057e-9
4.445589750295684e-9
4.102085580892645e-9
3.838811194125866e-9
3.5800968198876908e-9
3.328501124130547e-9
3.1064654111937237e-9
2.3068891109372294e-8
3.5002444667107546e-8
4.1700741706464684e-8
4.5673377374747466e-8
4.810255508357604e-8
4.958721403797306e-8
5.0449082008902075e-8
5.087284357655732e-8
5.0973432171404146e-8
5.082870326699795e-8
5.0495289715141215e-8
5.0016374182513573e-8
4.942569050091324e-8
4.874982591305236e-8
4.800976625530831e-8
4.722207651326458e-8
4.6399860586786475e-8
4.55535455924322e-8
4.469150673959256e-8
4.3820546971897006e-8
4.2073238735618236e-8
4.120534131448618e-8
4.0345726631621115e-8
3.866122505065387e-8
3.784008703699553e-8
3.624645140204504e-8
3.472262706507091e-8
3.3987894423634296e-8
3.257337754860356e-8
3.1231717182554464e-8
2.9961538971142325e-8
2.8185745607424975e-8
2.708446241506138e-8
2.604582003371799e-8
2.4598241667113802e-8
2.327301722326878e-8
2.2058868703283797e-8
2.0945146858592892e-8
1.9922064452705876e-8
1.8980651227038798e-8
1.7838226728889394e-8
1.6808322880767365e-8
1.5875036760148896e-8
1.502491326986827e-8
1.4062732701442066e-8
1.3196588155902289e-8
1.2412771648611423e-8
1.1699553471534191e-8
1.0922969497628923e-8
1.033274839117702e-8
9.582051929456258e-9
9.001036188093301e-9
8.387533831600347e-9
7.760793222372351e-9
7.269611429549326e-9
6.707657868978558e-9
6.266685979795277e-9
5.827717490752447e-9
5.400289305342466e-9
5.026506413679991e-9
2.5283498130142465e-8
3.8744719215318985e-8
4.6538782571170914e-8
5.133051437613658e-8
5.4394730565753646e-8
5.638886661058807e-8
5.766801998016654e-8
5.84358736803499e-8
5.881929407537091e-8
5.890484413815148e-8
5.875630213850292e-8
5.842301231244638e-8
5.794403655375835e-8
5.73505005961587e-8
5.6667198364663656e-8
5.591386961748257e-8
5.510627915009626e-8
5.425712021504573e-8
5.337674132044266e-8
5.2473702612426726e-8
5.062725320104409e-8
4.9695086371409406e-8
4.876306921043412e-8
4.6913682983422514e-8
4.6001948631782725e-8
4.421476481385179e-8
4.2485171292528133e-8
4.164430355681983e-8
4.0013211748833354e-8
3.8451709585304533e-8
3.696096893324621e-8
3.485754491587451e-8
3.3542404212832136e-8
3.2295019029926576e-8
3.054578862937457e-8
2.8934293095847397e-8
2.745026442370897e-8
2.608348612594915e-8
2.4824214319350406e-8
2.3663196453490744e-8
2.2252710651802386e-8
2.0981073735479808e-8
1.982982797840284e-8
1.878287179861548e-8
1.7600568166149613e-8
1.6538945157296075e-8
1.5580164719848648e-8
1.4708697625710754e-8
1.3759686873576514e-8
1.3037329543389356e-8
1.2115537621666238e-8
1.1398230966281582e-8
1.0635372965080654e-8
9.84858773896078e-9
9.225954462803923e-9
8.50682983615138e-9
7.937570287888951e-9
7.3673336330344375e-9
6.810673909613742e-9
6.3252653983725765e-9
5.851334117585238e-9
7.277055862652593e-9
7.1156889636672355e-9
6.3803616155434584e-9
5.469091083845981e-9
4.55154855438025e-9
3.6955754656006602e-9
2.9235123638770606e-9
2.2385793788580127e-9
1.636797187555004e-9
1.1119448998162763e-9
6.573591072383937e-10
2.6645266979443564e-10
-6.71853735082056e-11
-3.497646156190417e-10
-5.872416540586454e-10
-7.852394319764489e-10
-9.489630124202607e-10
-1.0831353029162865e-9
-1.1919650508481919e-9
-1.347898409980228e-9
-1.4009918830547247e-9
-1.4408258907642636e-9
-1.4887367302993956e-9
-1.5001860983205702e-9
-1.5049774871031265e-9
-1.492916211923637e-9
-1.4827769595148574e-9
-1.4576261973774273e-9
-1.4291893425243133e-9
-1.4000617288335668e-9
-1.3580528664972636e-9
-1.3319525200125289e-9
-1.3074415672924715e-9
-1.2732193261173252e-9
-1.2411654453129816e-9
-1.2101622743084693e-9
-1.1790825882636437e-9
-1.1469244911591358e-9
-1.1129734191033508e-9
-1.0644475899528627e-9
-1.0126322599740091e-9
-9.587761763557694e-10
-9.043418874269255e-10
-8.373429176025167e-10
-7.731196718340906e-10
-7.130508224018628e-10
-6.583367173970505e-10
-6.008317920009125e-10
-5.597157679736691e-10
-5.109847976241004e-10
-4.753784795836668e-10
-4.3888807386935146e-10
-4.021126638649748e-10
-3.73179405682526e-10
-3.391243585118001e-10
-3.112578625331228e-10
-2.8290122107872896e-10
-2.5561061932951374e-10
-2.3237731327823998e-10
1.8422153089549753e-8
2.6703550605333278e-8
3.0521076091284036e-8
3.215816676973808e-8
3.265301079345842e-8
3.2518323790930535e-8
3.2017488799453933e-8
3.129265227040111e-8
3.0426549844700176e-8
2.9472033575898847e-8
2.846580648522834e-8
2.7434704470167848e-8
2.6398671176174937e-8
2.5372381059615628e-8
2.4366351643191088e-8
2.3387852809682794e-8
2.2441692475149148e-8
2.1530879642202656e-8
2.0657153710603865e-8
1.9821379889620584e-8
1.8264333704046527e-8
1.7542441167405204e-8
1.6857431188905624e-8
1.559416237019644e-8
1.501351736551237e-8
1.3947210703773768e-8
1.2997204441154887e-8
1.256180765321667e-8
1.17623354794794e-8
1.1048057184062374e-8
1.0408121999105186e-8
9.566928957817545e-9
9.073321837253187e-9
8.625139606432455e-9
8.024604026276231e-9
7.49445441371869e-9
7.0202981841241765e-9
6.591111629756598e-9
6.19876436161778e-9
5.837336400792684e-9
5.396107803211946e-9
4.994545031893163e-9
4.627402839767765e-9
4.291446645931882e-9
3.912936546535259e-9
3.5790467674187567e-9
3.287900117885565e-9
3.036169297907983e-9
2.7798041346916314e-9
2.598795753466971e-9
2.38672728706554e-9
2.2361226923385088e-9
2.087736929110584e-9
1.9430901262403724e-9
1.8311138945354423e-9
1.7014940479999442e-9
1.5972927039013616e-9
1.4905624465750422e-9
1.3839750596580627e-9
1.2903682196901337e-9
2.2403316804288346e-8
3.36526962606652e-8
3.9712088932709854e-8
4.309477681628471e-8
4.498329186575398e-8
4.5979007234190445e-8
4.640173914348805e-8
4.643158017373669e-8
4.617843802627341e-8
4.571582852456959e-8
4.509695854334976e-8
4.4362314277317486e-8
4.354338855412834e-8
4.266476659386733e-8
4.174554916439295e-8
4.0800490115119214e-8
3.984096089216659e-8
3.8875758680455096e-8
3.791175472591478e-8
3.695438714772313e-8
3.5076162885610144e-8
3.4161676256640945e-8
3.326683023192766e-8
3.154271240606509e-8
3.0715704078269325e-8
2.9134777019604023e-8
2.7652065171451568e-8
2.6947084293034837e-8
2.5607836120614723e-8
2.4359353660389188e-8
2.31969739905068e-8
2.1604177691592217e-8
2.06355851527362e-8
1.973573470632922e-8
1.8503781181594528e-8
1.7398363355696648e-8
1.64037870855306e-8
1.5505964905623843e-8
1.4692547336254837e-8
1.3952715504620495e-8
1.3064308217417867e-8
1.2269854509749649e-8
1.1552611772213534e-8
1.0899239639955807e-8
1.0157297449393831e-8
9.485579429132884e-9
8.873848120134258e-9
8.313957823136873e-9
7.701546355459366e-9
7.235527938807823e-9
6.6453947051668946e-9
6.193946457981292e-9
5.72593621992501e-9
5.260708808972071e-9
4.907529005195457e-9
4.517635861135899e-9
4.2223228902671316e-9
3.935821913827322e-9
3.6606482726529028e-9
3.4196710102398532e-9
2.5283498130187226e-8
3.874471921529478e-8
4.6538782571178345e-8
5.133051437612869e-8
5.439473056574946e-8
5.6388866610586446e-8
5.766801998016752e-8
5.8435873680353186e-8
5.881929407537125e-8
5.890484413815249e-8
5.875630213850183e-8
5.8423012312444544e-8
5.794403655375631e-8
5.7350500596156864e-8
5.66671983646623e-8
5.59138696174818e-8
5.510627915009586e-8
5.4257120215045915e-8
5.337674132044266e-8
5.2473702612426726e-8
5.062725320104393e-8
4.9695086371408976e-8
4.8763069210433626e-8
4.6913682983422216e-8
4.600194863178248e-8
4.421476481385161e-8
4.2485171292528054e-8
4.164430355681992e-8
4.0013211748833314e-8
3.845170958530451e-8
3.696096893324609e-8
3.4857544915874346e-8
3.3542404212831983e-8
3.2295019029926443e-8
3.054578862937451e-8
2.893429309584737e-8
2.7450264423708905e-8
2.608348612594907e-8
2.4824214319350347e-8
2.3663196453490684e-8
2.225271065180238e-8
2.098107373547981e-8
1.9829827978402845e-8
1.8782871798615467e-8
1.760056816614958e-8
1.653894515729606e-8
1.5580164719848635e-8
1.4708697625710741e-8
1.3759686873576503e-8
1.303732954338934e-8
1.2115537621666228e-8
1.1398230966281588e-8
1.0635372965080665e-8
9.848587738960776e-9
9.225954462803916e-9
8.506829836151374e-9
7.937570287888946e-9
7.367333633034432e-9
6.8106739096137355e-9
6.325265398372579e-9
2.824446839014336e-8
4.394817037378634e-8
5.3474806119573204e-8
5.967830999701476e-8
6.393885142351456e-8
6.696530170596048e-8
6.914399809707643e-8
7.070070734134864e-8
7.177880862326831e-8
7.247742332373302e-8
7.287003038449261e-8
7.301367406322672e-8
7.295375944693556e-8
7.27268407605936e-8
7.236250067348154e-8
7.188478269821827e-8
7.131335024249136e-8
7.066443057363782e-8
6.995156662383774e-8
6.918619609258086e-8
6.7535628102752e-8
6.666609637118757e-8
6.577577474901732e-8
6.395373741062153e-8
6.303070524766006e-8
6.117776449765032e-8
5.9332812822980215e-8
5.8418335127464944e-8
5.661284112691087e-8
5.484613892975621e-8
5.3125090457600083e-8
5.0639565560196674e-8
4.905114155162507e-8
4.751964089707336e-8
4.533026873732476e-8
4.326920682542778e-8
4.1332948788886994e-8
3.951660117270494e-8
3.781452783358712e-8
3.6220607096005746e-8
3.4252321090727454e-8
3.244862634168651e-8
3.07935604465266e-8
2.927225942451848e-8
2.7538719641744417e-8
2.5970998178950805e-8
2.4548944163382914e-8
2.3254081294527104e-8
2.1844898862843014e-8
2.0774737847916377e-8
1.941312339967989e-8
1.8356123856792036e-8
1.7233044990381826e-8
1.607328799911368e-8
1.515120949289772e-8
1.4075703526393966e-8
1.3211128821173694e-8
1.2328403379620024e-8
1.14456043820568e-8
1.0654362894817075e-8
