2.890798483041502e-9
3.751294933231737e-9
3.912878847682402e-9
3.817030611839008e-9
3.630705587192739e-9
3.4247328176928284e-9
3.226804173330667e-9
3.045487680356651e-9
2.8816911350607146e-9
2.7338210518635737e-9
2.5998348764449956e-9
2.4778831119720355e-9
2.36639947258334e-9
2.2640342716506926e-9
2.1695851572646218e-9
2.081965174019182e-9
2.0002024767481517e-9
1.9234541462800154e-9
1.8510189858150918e-9
1.7823408054612467e-9
1.654694685444359e-9
1.595217157429461e-9
1.538426793865688e-9
1.4325400507516817e-9
1.3833015508647163e-9
1.2918830360002519e-9
1.2093284989164535e-9
1.1711457215242536e-9
1.1004898727746535e-9
1.0368360635132397e-9
9.79519968801869e-10
9.041609648208548e-10
8.602233251860697e-10
8.207193579187462e-10
7.686253695546507e-10
7.2358210541245e-10
6.840222457200158e-10
6.486763312998086e-10
6.16597231852517e-10
5.870983947095196e-10
5.509094714529534e-10
5.174913011231983e-10
4.862394129804239e-10
4.568978545036271e-10
4.23014076206215e-10
3.926233871070387e-10
3.6594889151717087e-10
3.427675716642925e-10
3.1880170580158524e-10
3.0139608773967564e-10
2.80176444912191e-10
2.6439594052337195e-10
2.4809467437804425e-10
2.3130425471246747e-10
2.177506221695582e-10
2.0189537170367478e-10
1.8942240709585082e-10
1.7703710006009914e-10
1.6490832303073772e-10
1.542905731392221e-10
5.5945963044914296e-9
7.175036838708681e-9
7.312428965365875e-9
6.903148145413451e-9
6.3020319317466544e-9
5.66451127210514e-9
5.055122114178917e-9
4.496966730625395e-9
3.99541938728037e-9
3.549017345452651e-9
3.1540475110807245e-9
2.806232230816328e-9
2.5012275403205493e-9
2.2347291738648612e-9
2.002506671417088e-9
1.8004603363212241e-9
1.6247036722441073e-9
1.4716476128517958e-9
1.338064721241614e-9
1.2211221099432673e-9
1.027777154597195e-9
9.475666421827793e-10
8.762874027135622e-10
7.557599113116565e-10
7.045489237565553e-10
6.162586136693567e-10
5.426126591428305e-10
5.100002185694111e-10
4.5124540189974017e-10
3.9924151401535975e-10
3.5247304853633494e-10
2.903578346661256e-10
2.5374192045996553e-10
2.207412327776113e-10
1.77715721471863e-10
1.4199087386456364e-10
1.1298225528999065e-10
9.012275058762138e-11
7.287149290512364e-11
6.063732266832334e-11
5.0861363947573924e-11
4.664385261645867e-11
4.585401620943377e-11
4.676022759543325e-11
4.8679389000803156e-11
5.0626860832858e-11
5.220962159659954e-11
5.3093156127824557e-11
5.290012287986907e-11
5.182643638428047e-11
4.9900274131335414e-11
4.8797797265370905e-11
4.8582261359258565e-11
4.924841850872103e-11
5.008080362050307e-11
5.1243795435309486e-11
5.222922378819946e-11
5.2820424452524913e-11
5.251066484309057e-11
5.166391384548085e-11
5.738771252001672e-9
7.241940371639476e-9
7.219337507971293e-9
6.632702022647846e-9
5.862328214962908e-9
5.0722835806101685e-9
4.3291648472828795e-9
3.6556196976384e-9
3.055688839023809e-9
2.526352323065092e-9
2.0623639583589967e-9
1.6580169197315422e-9
1.3076564579981445e-9
1.0057784900507754e-9
7.470517622155546e-10
5.263642848816711e-10
3.388979009451343e-10
1.8020685497881995e-10
4.627771744868255e-11
-6.644128977870144e-11
-2.4018977692860505e-10
-3.061601527940688e-10
-3.6090183978286555e-10
-4.4315435954181065e-10
-4.733614679156344e-10
-5.174411438799172e-10
-5.455624118970774e-10
-5.554110417559841e-10
-5.693794977970654e-10
-5.783087031304674e-10
-5.84313141930834e-10
-5.903193532646365e-10
-5.930508985983469e-10
-5.94937020349454e-10
-5.961461603707438e-10
-5.952177958063328e-10
-5.918714997855787e-10
-5.857894055667898e-10
-5.766871277431018e-10
-5.644399467306602e-10
-5.435039325910371e-10
-5.183403197830871e-10
-4.905142501618646e-10
-4.615335767738205e-10
-4.2533919618862094e-10
-3.903954138560412e-10
-3.576314517649666e-10
-3.2789218860296725e-10
-2.9702341258618423e-10
-2.753371125056168e-10
-2.499600754297416e-10
-2.3136061440625758e-10
-2.1200034405342355e-10
-1.9220700750499375e-10
-1.7653897957622488e-10
-1.5798408286307392e-10
-1.4271033741832408e-10
-1.2727034460873437e-10
-1.1274611008558059e-10
-1.0063167176315326e-10
5.795036520480416e-9
7.25231588820969e-9
7.151177098764273e-9
6.482120533515906e-9
5.635034565922328e-9
4.7765643686257884e-9
3.973543980762655e-9
3.2481421097990795e-9
2.6037553616115403e-9
2.0367252734015632e-9
1.5412118367668167e-9
1.1109577642152756e-9
7.397917725372658e-10
4.2171971081873155e-10
1.509430641209195e-10
-7.80952764232505e-11
-2.7063543167356155e-10
-4.3152036982361585e-10
-5.651345135498299e-10
-6.753734364208027e-10
-8.389040384000401e-10
-8.976876802554603e-10
-9.441813943097675e-10
-1.007579994489888e-9
-1.0275380360052893e-9
-1.050214925990042e-9
-1.056502690125239e-9
-1.0555044523293082e-9
-1.0482614124665073e-9
-1.0369440036724236e-9
-1.0239198030648726e-9
-1.0039259329098406e-9
-9.91047321322459e-10
-9.786430019604852e-10
-9.60673979721219e-10
-9.429030009089133e-10
-9.245976059500003e-10
-9.050033185865502e-10
-8.834489088104501e-10
-8.594914278343487e-10
-8.236873464097471e-10
-7.84178670054453e-10
-7.423544906375762e-10
-6.996931204652153e-10
-6.469474891697365e-10
-5.962747044053014e-10
-5.488429274505118e-10
-5.056856117655874e-10
-4.605010683296512e-10
-4.2836721936911525e-10
-3.9042720377173406e-10
-3.626770894786495e-10
-3.3409999775701624e-10
-3.051708759844922e-10
-2.823685760455398e-10
-2.5548131833594067e-10
-2.3344110665392285e-10
-2.110609923426283e-10
-1.8967537619533095e-10
-1.7158317024212957e-10
5.85135290859625e-9
7.277100104389597e-9
7.115732562068611e-9
6.380402869854423e-9
5.469135866869332e-9
4.551595716045196e-9
3.6956210011356954e-9
2.9235534258263797e-9
2.2386152935123675e-9
1.6368287911334025e-9
1.1119735237726808e-9
6.573858552560198e-10
2.664781212347981e-10
-6.716113737010319e-11
-3.4974182435154844e-10
-5.872206327391606e-10
-7.85220435809275e-10
-9.489461394783455e-10
-1.0831204795680768e-9
-1.1919520676626708e-9
-1.3478882390906148e-9
-1.4009827077631046e-9
-1.4408175161281734e-9
-1.48872966934245e-9
-1.5001796698300595e-9
-1.5049724123109784e-9
-1.49291255458258e-9
-1.4827739697419872e-9
-1.4576243173721043e-9
-1.4291881627904607e-9
-1.40006084631194e-9
-1.3580519751865312e-9
-1.3319515703411712e-9
-1.3074406583632786e-9
-1.2732187179253348e-9
-1.2411652868835444e-9
-1.21016250219665e-9
-1.1790830462878907e-9
-1.1469250872681642e-9
-1.1129741919492863e-9
-1.0644487894244816e-9
-1.0126340205227864e-9
-9.587783810141252e-10
-9.043442461369449e-10
-8.3734512707902e-10
-7.731216550009859e-10
-7.130526972889865e-10
-6.583385271942443e-10
-6.008333765064963e-10
-5.597170548242769e-10
-5.109858018466384e-10
-4.753795104000719e-10
-4.388892347612725e-10
-4.021137443463245e-10
-3.7318029486009105e-10
-3.391252094756905e-10
-3.112587894212225e-10
-2.8290196985486047e-10
-2.556109992281568e-10
-2.3237772481385079e-10
5.5945963044912625e-9
7.175036838708461e-9
7.312428965365622e-9
6.903148145413367e-9
6.302031931746586e-9
5.664511272105116e-9
5.055122114178892e-9
4.49696673062537e-9
3.995419387280348e-9
3.5490173454526356e-9
3.1540475110807158e-9
2.8062322308163284e-9
2.501227540320552e-9
2.234729173864862e-9
2.0025066714170847e-9
1.8004603363212196e-9
1.6247036722440988e-9
1.4716476128517886e-9
1.338064721241605e-9
1.2211221099432588e-9
1.027777154597189e-9
9.475666421827758e-10
8.762874027135597e-10
7.557599113116562e-10
7.045489237565538e-10
6.162586136693565e-10
5.426126591428286e-10
5.100002185694098e-10
4.512454018997386e-10
3.9924151401535955e-10
3.5247304853633427e-10
2.903578346661253e-10
2.537419204599656e-10
2.2074123277761038e-10
1.7771572147186263e-10
1.4199087386456297e-10
1.1298225528999044e-10
9.012275058762118e-11
7.28714929051236e-11
6.063732266832359e-11
5.086136394757398e-11
4.664385261645855e-11
4.585401620943353e-11
4.6760227595433424e-11
4.867938900080329e-11
5.062686083285808e-11
5.220962159659957e-11
5.309315612782441e-11
5.29001228798691e-11
5.182643638428044e-11
4.990027413133548e-11
4.8797797265370847e-11
4.858226135925836e-11
4.9248418508720894e-11
5.008080362050307e-11
5.124379543530953e-11
5.22292237881995e-11
5.2820424452524946e-11
5.2510664843090543e-11
5.166391384548083e-11
1.4603628826472083e-8
2.0761025050419158e-8
2.3436098965284213e-8
2.4470179002083788e-8
2.4668026424740004e-8
2.4421877234973563e-8
2.3930613559235474e-8
2.3299432004619507e-8
2.2587821296718142e-8
2.183248982720808e-8
2.1058027481366638e-8
2.0281765047856998e-8
1.9516055041626993e-8
1.8769499774588404e-8
1.8047784719984137e-8
1.735435815891213e-8
1.6691018646590316e-8
1.605841009939592e-8
1.5456414742812977e-8
1.4884442918582794e-8
1.3826958120260398e-8
1.3339323779796893e-8
1.2877570155318428e-8
1.202688601840224e-8
1.1635468645584862e-8
1.0914120596221918e-8
1.0266294347644889e-8
9.96688565249712e-9
9.411409780636192e-9
8.907007881820732e-9
8.446721887698185e-9
7.826662233163602e-9
7.453530023613384e-9
7.108193282770934e-9
6.635503803364203e-9
6.2094463805814235e-9
5.823054923671692e-9
5.4710689034297285e-9
5.149588303453511e-9
4.855617285242802e-9
4.5021383889682584e-9
4.187730906766188e-9
3.907503074505742e-9
3.6572722005351937e-9
3.3815870888537793e-9
3.142098455401184e-9
2.9336175838550562e-9
2.750729736316724e-9
2.557802762256678e-9
2.4143561172263426e-9
2.234701604845319e-9
2.0974035885248295e-9
1.953815447564849e-9
1.8082531634414955e-9
1.6950671553906955e-9
1.5674925401225469e-9
1.4696183927438588e-9
1.3740928698664965e-9
1.2820187991448217e-9
1.2015587860221676e-9
1.6394361454170682e-8
2.3609166106659305e-8
2.6899114451820885e-8
2.8287812973111043e-8
2.8682471666727952e-8
2.8533239881146258e-8
2.8071869709077468e-8
2.742308767434846e-8
2.6658979102292484e-8
2.582515987671473e-8
2.4952983309938924e-8
2.406511383059338e-8
2.3178155701298292e-8
2.2304086189105826e-8
2.1451244775867906e-8
2.0625149871383466e-8
1.9829208980223775e-8
1.9065318936505495e-8
1.8334343541113536e-8
1.7636467344440058e-8
1.633871919645416e-8
1.5737577801708018e-8
1.5167130621771183e-8
1.4114167964154486e-8
1.3629312366094798e-8
1.273638590498081e-8
1.1936676873481413e-8
1.156832221218092e-8
1.0887977943320391e-8
1.0274663123824012e-8
9.719687702923248e-9
8.980535036245501e-9
8.540921159492269e-9
8.137640698496394e-9
7.590969479380656e-9
7.102715913901632e-9
6.662396224599588e-9
6.2620151099711155e-9
5.895672672815875e-9
5.558996026221191e-9
5.150459817623699e-9
4.782224167496746e-9
4.449204758819007e-9
4.147665550473814e-9
3.811234361599657e-9
3.5165372220411475e-9
3.2599510029439875e-9
3.0369349217394316e-9
2.8065259162155265e-9
2.6401095707972328e-9
2.438831888944548e-9
2.290237888862251e-9
2.1384135331381306e-9
1.9858279463792205e-9
1.8661006384937797e-9
1.7280260246930559e-9
1.6188806270501679e-9
1.5096080212845139e-9
1.4029829403197195e-9
1.3106626381369796e-9
1.745459589898378e-8
2.5236784255782794e-8
2.8808771658171278e-8
3.032784590369351e-8
3.077103680304464e-8
3.06229784465535e-8
3.0133334278498567e-8
2.9436832832606322e-8
2.861164771387143e-8
2.770744603376088e-8
2.675849098870814e-8
2.578965279850546e-8
2.4819261003173325e-8
2.3860662242454687e-8
2.2923287818644792e-8
2.2013525881705945e-8
2.1135474122879218e-8
2.029157374570329e-8
1.948311396996592e-8
1.8710607012596414e-8
1.7273075798693703e-8
1.6607080321147893e-8
1.5975247476250424e-8
1.4809989722234805e-8
1.4274172774776897e-8
1.3289357398682284e-8
1.2410445732388071e-8
1.2006934021594018e-8
1.1264459475093597e-8
1.059893718516193e-8
1.0000479897769527e-8
9.209919480457552e-9
8.74364491114164e-9
8.31861629945969e-9
7.746575403036737e-9
7.239334735275628e-9
6.784259735163136e-9
6.371687595807579e-9
5.994489042210197e-9
5.647437953863775e-9
5.22491474123147e-9
4.841975588521574e-9
4.49345775818982e-9
4.175916720121955e-9
3.81955285005053e-9
3.5060597387126558e-9
3.2328368417797305e-9
2.9960819970311893e-9
2.7535474606594173e-9
2.5807156785275614e-9
2.3755939007380578e-9
2.227611009188941e-9
2.0796511321321344e-9
1.933668396563663e-9
1.8201206321972943e-9
1.6890291187582825e-9
1.5844790119880525e-9
1.4784314854673584e-9
1.3734818607644833e-9
1.2817492347170493e-9
1.8422170707941825e-8
2.670356810472206e-8
3.05211136476342e-8
3.2158209476292456e-8
3.265303858055402e-8
3.251833396706382e-8
3.201748682822724e-8
3.1292643480117045e-8
3.0426536784551664e-8
2.9472016600708827e-8
2.8465785169001178e-8
2.7434678664795573e-8
2.6398641430105376e-8
2.537234853895201e-8
2.4366317809779746e-8
2.3387819069431584e-8
2.2441659921090385e-8
2.1530848934814053e-8
2.0657125082579338e-8
1.9821353235039413e-8
1.826430996319824e-8
1.754241830370792e-8
1.6857408907716993e-8
1.559414081733286e-8
1.501349615133374e-8
1.3947190359197983e-8
1.2997185169389005e-8
1.2561788901223234e-8
1.1762317524456048e-8
1.1048039552790462e-8
1.040810425589771e-8
9.56691075098991e-9
9.073303526395342e-9
8.625121557927877e-9
8.024587057532827e-9
7.494438981425699e-9
7.020284254119371e-9
6.5910989159591e-9
6.198752631369518e-9
5.837325620458213e-9
5.396098460651932e-9
4.994537212454018e-9
4.6273962518303485e-9
4.2914407568463515e-9
3.912930963919499e-9
3.5790414289513166e-9
3.287895307876144e-9
3.036165150596434e-9
2.7798005521549834e-9
2.5987924195095066e-9
2.3867244074269573e-9
2.2361205080028724e-9
2.087735531404002e-9
1.943089011830389e-9
1.8311126859551665e-9
1.7014929885934304e-9
1.5972919540730532e-9
1.4905616244705527e-9
1.383973915578047e-9
1.2903674747590692e-9
5.738771252001341e-9
7.241940371639511e-9
7.21933750797168e-9
6.632702022647978e-9
5.862328214962871e-9
5.0722835806101e-9
4.329164847282837e-9
3.655619697638432e-9
3.055688839023808e-9
2.5263523230651133e-9
2.0623639583589814e-9
1.6580169197315211e-9
1.3076564579981263e-9
1.0057784900507648e-9
7.470517622155552e-10
5.263642848816819e-10
3.3889790094515326e-10
1.8020685497884278e-10
4.627771744870548e-11
-6.644128977868116e-11
-2.4018977692859554e-10
-3.061601527940645e-10
-3.6090183978286063e-10
-4.4315435954181654e-10
-4.73361467915641e-10
-5.174411438799221e-10
-5.45562411897079e-10
-5.55411041755984e-10
-5.693794977970629e-10
-5.783087031304643e-10
-5.843131419308309e-10
-5.903193532646345e-10
-5.93050898598346e-10
-5.949370203494531e-10
-5.96146160370743e-10
-5.95217795806333e-10
-5.918714997855788e-10
-5.857894055667905e-10
-5.766871277431028e-10
-5.64439946730661e-10
-5.435039325910378e-10
-5.183403197830873e-10
-4.905142501618644e-10
-4.615335767738206e-10
-4.2533919618862125e-10
-3.903954138560414e-10
-3.576314517649666e-10
-3.278921886029673e-10
-2.9702341258618423e-10
-2.75337112505617e-10
-2.499600754297419e-10
-2.3136061440625768e-10
-2.1200034405342378e-10
-1.9220700750499383e-10
-1.7653897957622493e-10
-1.5798408286307386e-10
-1.427103374183241e-10
-1.2727034460873437e-10
-1.1274611008558061e-10
-1.0063167176315331e-10
1.639436145417393e-8
2.3609166106656053e-8
2.6899114451819257e-8
2.828781297311069e-8
2.868247166672738e-8
2.853323988114663e-8
2.8071869709077488e-8
2.7423087674348888e-8
2.665897910229289e-8
2.582515987671505e-8
2.495298330993914e-8
2.40651138305935e-8
2.317815570129829e-8
2.2304086189105753e-8
2.1451244775867773e-8
2.0625149871383337e-8
1.982920898022366e-8
1.906531893650541e-8
1.8334343541113427e-8
1.7636467344439992e-8
1.633871919645422e-8
1.5737577801708094e-8
1.5167130621771243e-8
1.411416796415454e-8
1.3629312366094839e-8
1.2736385904980818e-8
1.193667687348141e-8
1.1568322212180911e-8
1.0887977943320391e-8
1.0274663123824002e-8
9.719687702923246e-9
8.980535036245508e-9
8.540921159492284e-9
8.137640698496397e-9
7.590969479380654e-9
7.102715913901632e-9
6.662396224599587e-9
6.262015109971126e-9
5.895672672815891e-9
5.558996026221201e-9
5.150459817623707e-9
4.782224167496746e-9
4.449204758819e-9
4.147665550473815e-9
3.81123436159966e-9
3.5165372220411455e-9
3.2599510029439854e-9
3.036934921739425e-9
2.8065259162155236e-9
2.6401095707972324e-9
2.438831888944551e-9
2.290237888862252e-9
2.1384135331381298e-9
1.98582794637922e-9
1.866100638493779e-9
1.7280260246930559e-9
1.6188806270501654e-9
1.5096080212845112e-9
1.4029829403197187e-9
1.3106626381369792e-9
1.9081827559215085e-8
2.8205484557189296e-8
3.2878400463087325e-8
3.5319208491123315e-8
3.654415921135461e-8
3.706015623996302e-8
3.713378030042114e-8
3.691392031360113e-8
3.649053282994793e-8
3.592292595077842e-8
3.5253243774783644e-8
3.4512904647676175e-8
3.3725822031383e-8
3.291022994659087e-8
3.207992106567784e-8
3.124521676179179e-8
3.041377280968224e-8
2.9591244116250747e-8
2.8781812600059642e-8
2.7988585940619136e-8
2.6459430272878053e-8
2.572648650048461e-8
2.5015928760952123e-8
2.3663885589738715e-8
2.302268191880817e-8
2.1808969223799618e-8
2.0683709430565345e-8
2.0152677600572563e-8
1.915017793125751e-8
1.8222089279182375e-8
1.7362551966701028e-8
1.6189804219928172e-8
1.547827599065032e-8
1.481746161320854e-8
1.3911674174467004e-8
1.3096203843792789e-8
1.2358813246280218e-8
1.1689040012520117e-8
1.107810275806792e-8
1.0518596101637981e-8
9.841694454425432e-9
9.232052213037825e-9
8.67901092179064e-9
8.1742359950215e-9
7.601931996331299e-9
7.086962979716883e-9
6.622734573075598e-9
6.203363470730338e-9
5.75189012076628e-9
5.413745987421712e-9
4.99203175264619e-9
4.67362484004395e-9
4.3459333670550125e-9
4.019946258570141e-9
3.7696892781992515e-9
3.487359596744287e-9
3.2671845232146027e-9
3.047169069226093e-9
2.8301216598715158e-9
2.6372488227815576e-9
2.079510786152128e-8
3.1052025230402925e-8
3.64927780264645e-8
3.9470464212762154e-8
4.108110360812175e-8
4.1880904365750917e-8
4.2164998766537904e-8
4.20990678635786e-8
4.1783886537878364e-8
4.1286649397560745e-8
4.06558301047955e-8
3.992815920485331e-8
3.913203961018608e-8
3.8289462978342306e-8
3.741733030206966e-8
3.652851861940578e-8
3.563279114062095e-8
3.4737561208924566e-8
3.384850418943197e-8
3.297002044374464e-8
3.125787438459137e-8
3.042910369948686e-8
2.962092609539347e-8
2.807097112838797e-8
2.733060629351977e-8
2.5920386542083785e-8
2.4603221795532083e-8
2.3978581116585014e-8
2.2794432930287608e-8
2.1692960156978924e-8
2.0669010344147416e-8
1.9267343464619436e-8
1.8415204462359997e-8
1.762327153858827e-8
1.6537937903915285e-8
1.556213428543e-8
1.4681829216674552e-8
1.3884685020189568e-8
1.3160092302155603e-8
1.2498900780708118e-8
1.1702179677356462e-8
1.0987376625935337e-8
1.0340576605671075e-8
9.750753536328826e-9
9.081274508488786e-9
8.47662197071904e-9
7.928231000239316e-9
7.428927600807962e-9
6.886169822867094e-9
6.475665914250882e-9
5.9588561985834535e-9
5.565457889879207e-9
5.158695737800865e-9
4.754118365019687e-9
4.445594075132689e-9
4.102089901303237e-9
3.838815420223205e-9
3.5801008120390442e-9
3.3285047607624814e-9
3.106468709161257e-9
2.2403341959631613e-8
3.365274851680458e-8
3.9712141840568994e-8
4.309482419084563e-8
4.498333558700388e-8
4.597904579109111e-8
4.640177002309317e-8
4.6431602320279755e-8
4.617845225901752e-8
4.571583683748234e-8
4.509696322756811e-8
4.436231731286658e-8
4.354339135219829e-8
4.26647700013182e-8
4.1745553603162065e-8
4.08004957529133e-8
3.9840967782842195e-8
3.887576685035164e-8
3.791176420799001e-8
3.695439797831325e-8
3.5076176420261696e-8
3.4161691038279784e-8
3.326684609902917e-8
3.154272971868588e-8
3.071572167684844e-8
2.9134794303577038e-8
2.7652081169044686e-8
2.6947099403300227e-8
2.560784922336024e-8
2.4359364716318697e-8
2.319698316066326e-8
2.1604184471698767e-8
2.0635590619951056e-8
1.9735739067819e-8
1.8503784303040918e-8
1.739836583864699e-8
1.640378960050216e-8
1.5505968050530968e-8
1.4692551500040544e-8
1.3952720820293777e-8
1.306431493637312e-8
1.2269862304187924e-8
1.155262033004289e-8
1.0899248700842069e-8
1.0157306735722835e-8
9.485588394799475e-9
8.873856274304044e-9
8.313964941466804e-9
7.701552340474271e-9
7.235533212700814e-9
6.645399247599601e-9
6.1939505226114674e-9
5.7259399717888855e-9
5.2607126071775414e-9
4.907532983826583e-9
4.517639837551589e-9
4.222326649315725e-9
3.935825482544151e-9
3.6606516640633243e-9
3.419673940320929e-9
5.795036520479758e-9
7.2523158882101434e-9
7.151177098764517e-9
6.482120533515945e-9
5.635034565922317e-9
4.776564368625805e-9
3.97354398076271e-9
3.24814210979915e-9
2.603755361611599e-9
2.0367252734015946e-9
1.54121183676682e-9
1.1109577642152564e-9
7.397917725372334e-10
4.217197108186948e-10
1.5094306412088635e-10
-7.809527642327509e-11
-2.706354316735769e-10
-4.315203698236221e-10
-5.651345135498286e-10
-6.75373436420796e-10
-8.389040384000306e-10
-8.976876802554513e-10
-9.4418139430976e-10
-1.0075799944898854e-9
-1.0275380360052893e-9
-1.0502149259900446e-9
-1.056502690125242e-9
-1.0555044523293113e-9
-1.0482614124665094e-9
-1.0369440036724292e-9
-1.0239198030648728e-9
-1.0039259329098408e-9
-9.910473213224594e-10
-9.786430019604863e-10
-9.606739797212204e-10
-9.429030009089148e-10
-9.245976059500015e-10
-9.050033185865511e-10
-8.834489088104504e-10
-8.59491427834349e-10
-8.236873464097475e-10
-7.841786700544542e-10
-7.423544906375768e-10
-6.996931204652152e-10
-6.469474891697357e-10
-5.962747044053003e-10
-5.488429274505109e-10
-5.056856117655876e-10
-4.605010683296522e-10
-4.283672193691161e-10
-3.9042720377173437e-10
-3.626770894786493e-10
-3.340999977570158e-10
-3.0517087598449187e-10
-2.823685760455398e-10
-2.5548131833594077e-10
-2.334411066539227e-10
-2.110609923426282e-10
-1.8967537619533095e-10
-1.7158317024212964e-10
1.7454595898991324e-8
2.5236784255783238e-8
2.88087716581695e-8
3.0327845903692303e-8
3.077103680304257e-8
3.062297844655151e-8
3.0133334278497806e-8
2.943683283260597e-8
2.861164771387123e-8
2.770744603376072e-8
2.6758490988707944e-8
2.578965279850523e-8
2.4819261003173084e-8
2.386066224245435e-8
2.2923287818644617e-8
2.2013525881705723e-8
2.1135474122879125e-8
2.0291573745703147e-8
1.9483113969965872e-8
1.8710607012596384e-8
1.7273075798693683e-8
1.6607080321147923e-8
1.5975247476250464e-8
1.4809989722234853e-8
1.4274172774776874e-8
1.3289357398682337e-8
1.2410445732388095e-8
1.2006934021594036e-8
1.1264459475093602e-8
1.0598937185161914e-8
1.0000479897769504e-8
9.20991948045753e-9
8.743644911141636e-9
8.318616299459679e-9
7.74657540303674e-9
7.239334735275635e-9
6.784259735163138e-9
6.3716875958075695e-9
5.994489042210186e-9
5.647437953863769e-9
5.224914741231473e-9
4.8419755885215746e-9
4.4934577581898206e-9
4.175916720121952e-9
3.819552850050528e-9
3.5060597387126587e-9
3.2328368417797305e-9
2.996081997031189e-9
2.7535474606594136e-9
2.580715678527559e-9
2.375593900738052e-9
2.227611009188938e-9
2.0796511321321323e-9
1.93366839656366e-9
1.8201206321972918e-9
1.689029118758281e-9
1.5844790119880513e-9
1.4784314854673566e-9
1.373481860764484e-9
1.281749234717049e-9
2.0795107861537307e-8
3.1052025230403494e-8
3.6492778026465356e-8
3.947046421276307e-8
4.1081103608121976e-8
4.188090436575044e-8
4.21649987665354e-8
4.2099067863577e-8
4.1783886537877584e-8
4.128664939756022e-8
4.0655830104794866e-8
3.992815920485296e-8
3.913203961018622e-8
3.828946297834253e-8
3.741733030206988e-8
3.652851861940574e-8
3.5632791140620865e-8
3.473756120892441e-8
3.384850418943189e-8
3.2970020443744504e-8
3.125787438459116e-8
3.0429103699486674e-8
2.9620926095393212e-8
2.8070971128387812e-8
2.7330606293519702e-8
2.5920386542083792e-8
2.460322179553212e-8
2.3978581116585e-8
2.279443293028758e-8
2.1692960156978937e-8
2.0669010344147426e-8
1.926734346461942e-8
1.8415204462359994e-8
1.7623271538588247e-8
1.6537937903915308e-8
1.556213428543002e-8
1.4681829216674565e-8
1.3884685020189572e-8
1.3160092302155571e-8
1.249890078070812e-8
1.1702179677356472e-8
1.0987376625935342e-8
1.0340576605671078e-8
9.750753536328813e-9
9.081274508488772e-9
8.476621970719033e-9
7.928231000239317e-9
7.42892760080796e-9
6.886169822867099e-9
6.475665914250886e-9
5.958856198583455e-9
5.565457889879207e-9
5.158695737800864e-9
4.7541183650196854e-9
4.445594075132686e-9
4.1020899013032386e-9
3.838815420223206e-9
3.5801008120390446e-9
3.328504760762483e-9
3.106468709161259e-9
2.30689137546722e-8
3.5002492426492963e-8
4.1700788464135954e-8
4.5673417136772056e-8
4.8102589868546455e-8
4.9587242464677044e-8
5.0449101684827104e-8
5.0872853553254026e-8
5.097343336256279e-8
5.0828697750507644e-8
5.049527985809973e-8
5.0016362034672055e-8
4.9425677537837184e-8
4.874981304091211e-8
4.800975395032534e-8
4.72220649924393e-8
4.6399849948448745e-8
4.5553535902906026e-8
4.469149806779764e-8
4.3820539386655374e-8
4.2073233416837586e-8
4.120533706274979e-8
4.0345723309139216e-8
3.8661222927829537e-8
3.7840085108680154e-8
3.624644903574695e-8
3.472262336479238e-8
3.39878898394935e-8
3.257337101637125e-8
3.1231708730333834e-8
2.996152882412474e-8
2.8185733468818664e-8
2.708444929714815e-8
2.6045806191555182e-8
2.4598227232763065e-8
2.3273002867780635e-8
2.205885514188052e-8
2.094513470966056e-8
1.9922054103197196e-8
1.8980642788059884e-8
1.783822064196538e-8
1.6808318718981368e-8
1.5875034093043445e-8
1.5024911710670392e-8
1.4062731949786524e-8
1.31965874931747e-8
1.2412770446277784e-8
1.1699551409528558e-8
1.0922966448590752e-8
1.0332744745505758e-8
9.582047764745004e-9
9.001031813141075e-9
8.387529572902818e-9
7.760789636590703e-9
7.269608648521515e-9
6.707655907607108e-9
6.266684472572516e-9
5.8277164144279e-9
5.400288537430709e-9
5.026505465713233e-9
2.528352124721353e-8
3.874476005887036e-8
4.6538829970232367e-8
5.1330558956821695e-8
5.439476672622763e-8
5.638889247561725e-8
5.7668035832173956e-8
5.843588076132561e-8
5.88192939482044e-8
5.8904838402388234e-8
5.875629231378186e-8
5.842299978521448e-8
5.794402254393979e-8
5.735048613237898e-8
5.666718426872335e-8
5.591385650073041e-8
5.510626742241522e-8
5.4257110104714226e-8
5.337673290153612e-8
5.24736958359055e-8
5.062724922365629e-8
4.9695083449500036e-8
4.876306708357389e-8
4.6913681664266994e-8
4.600194734887407e-8
4.4214762969113416e-8
4.248516820598764e-8
4.164429966048184e-8
4.0013205988884594e-8
3.8451701808876766e-8
3.696095917805038e-8
3.48575326049024e-8
3.354239063414909e-8
3.2295004603135124e-8
3.0545773738994005e-8
2.893427863070126e-8
2.7450251101965785e-8
2.608347446495337e-8
2.4824204640450343e-8
2.366318889979084e-8
2.225270588471982e-8
2.098107142207092e-8
1.9829827569641956e-8
1.8782872641131208e-8
1.760056966705162e-8
1.6538946476257823e-8
1.5580165267763176e-8
1.4708697070264939e-8
1.3759684881746618e-8
1.3037326490333019e-8
1.2115533563903808e-8
1.1398226594075817e-8
1.0635368802904483e-8
9.848584340967914e-9
9.225951964966283e-9
8.506828524829892e-9
7.93756983298508e-9
7.367333751178339e-9
6.81067419235415e-9
6.3252655276284866e-9
5.8513529085955156e-9
7.277100104388572e-9
7.115732562067499e-9
6.380402869853621e-9
5.469135866868761e-9
4.551595716044789e-9
3.695621001135401e-9
2.923553425826182e-9
2.2386152935122504e-9
1.6368287911332856e-9
1.111973523772655e-9
6.573858552559635e-10
2.6647812123474837e-10
-6.716113737013062e-11
-3.4974182435158753e-10
-5.872206327391861e-10
-7.852204358093266e-10
-9.48946139478394e-10
-1.0831204795681372e-9
-1.191952067662707e-9
-1.347888239090637e-9
-1.4009827077631216e-9
-1.4408175161281877e-9
-1.4887296693424568e-9
-1.5001796698300678e-9
-1.5049724123110004e-9
-1.4929125545826018e-9
-1.4827739697420085e-9
-1.4576243173721214e-9
-1.4291881627904729e-9
-1.4000608463119475e-9
-1.3580519751865357e-9
-1.3319515703411767e-9
-1.3074406583632873e-9
-1.2732187179253462e-9
-1.241165286883553e-9
-1.210162502196657e-9
-1.179083046287893e-9
-1.1469250872681688e-9
-1.1129741919492854e-9
-1.0644487894244806e-9
-1.0126340205227864e-9
-9.587783810141262e-10
-9.043442461369458e-10
-8.37345127079021e-10
-7.731216550009872e-10
-7.130526972889886e-10
-6.58338527194245e-10
-6.008333765064972e-10
-5.597170548242776e-10
-5.109858018466392e-10
-4.753795104000727e-10
-4.3888923476127306e-10
-4.0211374434632497e-10
-3.7318029486009167e-10
-3.39125209475691e-10
-3.112587894212232e-10
-2.829019698548608e-10
-2.5561099922815717e-10
-2.3237772481385138e-10
1.842217070794827e-8
2.6703568104729625e-8
3.052111364763586e-8
3.215820947629182e-8
3.2653038580554655e-8
3.251833396706416e-8
3.201748682822818e-8
3.1292643480117554e-8
3.042653678455234e-8
2.9472016600709347e-8
2.84657851690014e-8
2.7434678664795897e-8
2.6398641430105657e-8
2.537234853895224e-8
2.4366317809779942e-8
2.3387819069431763e-8
2.244165992109053e-8
2.153084893481418e-8
2.0657125082579457e-8
1.9821353235039536e-8
1.8264309963198338e-8
1.754241830370806e-8
1.685740890771707e-8
1.5594140817332934e-8
1.5013496151333844e-8
1.3947190359198054e-8
1.2997185169389075e-8
1.2561788901223295e-8
1.1762317524456108e-8
1.1048039552790511e-8
1.0408104255897755e-8
9.566910750989921e-9
9.073303526395364e-9
8.625121557927875e-9
8.024587057532827e-9
7.494438981425707e-9
7.020284254119384e-9
6.5910989159591126e-9
6.198752631369531e-9
5.837325620458227e-9
5.396098460651946e-9
4.994537212454029e-9
4.627396251830365e-9
4.291440756846364e-9
3.912930963919505e-9
3.5790414289513207e-9
3.2878953078761478e-9
3.0361651505964377e-9
2.77980055215499e-9
2.5987924195095132e-9
2.3867244074269648e-9
2.2361205080028782e-9
2.0877355314040065e-9
1.943089011830392e-9
1.8311126859551684e-9
1.7014929885934323e-9
1.5972919540730553e-9
1.4905616244705562e-9
1.3839739155780496e-9
1.2903674747590698e-9
2.2403341959632758e-8
3.365274851680059e-8
3.971214184056845e-8
4.3094824190846244e-8
4.498333558700441e-8
4.597904579109021e-8
4.640177002309301e-8
4.643160232027947e-8
4.617845225901716e-8
4.571583683748196e-8
4.5096963227567804e-8
4.4362317312866365e-8
4.354339135219817e-8
4.266477000131785e-8
4.1745553603161794e-8
4.0800495752913264e-8
3.984096778284215e-8
3.8875766850351604e-8
3.791176420798998e-8
3.69543979783132e-8
3.5076176420261636e-8
3.4161691038279764e-8
3.326684609902906e-8
3.154272971868579e-8
3.071572167684845e-8
2.9134794303577058e-8
2.7652081169044722e-8
2.6947099403300244e-8
2.5607849223360264e-8
2.4359364716318707e-8
2.3196983160663274e-8
2.160418447169875e-8
2.0635590619951026e-8
1.973573906781901e-8
1.8503784303040925e-8
1.739836583864699e-8
1.6403789600502163e-8
1.5505968050530965e-8
1.4692551500040544e-8
1.3952720820293782e-8
1.3064314936373128e-8
1.2269862304187929e-8
1.1552620330042908e-8
1.0899248700842085e-8
1.0157306735722848e-8
9.485588394799477e-9
8.87385627430405e-9
8.3139649414668e-9
7.701552340474263e-9
7.235533212700807e-9
6.645399247599599e-9
6.193950522611463e-9
5.7259399717888855e-9
5.26071260717754e-9
4.907532983826582e-9
4.517639837551588e-9
4.222326649315726e-9
3.9358254825441484e-9
3.6606516640633243e-9
3.4196739403209264e-9
2.5283521247219343e-8
3.874476005887213e-8
4.653882997023452e-8
5.13305589568222e-8
5.439476672622683e-8
5.6388892475616095e-8
5.766803583217327e-8
5.843588076132532e-8
5.8819293948204504e-8
5.890483840238853e-8
5.875629231378219e-8
5.842299978521482e-8
5.794402254394013e-8
5.735048613237924e-8
5.666718426872357e-8
5.591385650073059e-8
5.5106267422415324e-8
5.425711010471428e-8
5.337673290153617e-8
5.247369583590551e-8
5.062724922365629e-8
4.969508344950003e-8
4.8763067083573905e-8
4.6913681664266994e-8
4.600194734887411e-8
4.421476296911343e-8
4.248516820598766e-8
4.1644299660481833e-8
4.0013205988884594e-8
3.845170180887673e-8
3.696095917805032e-8
3.4857532604902375e-8
3.354239063414908e-8
3.2295004603135124e-8
3.0545773738994025e-8
2.893427863070127e-8
2.7450251101965788e-8
2.608347446495337e-8
2.4824204640450323e-8
2.366318889979081e-8
2.225270588471981e-8
2.0981071422070913e-8
1.982982756964197e-8
1.8782872641131214e-8
1.7600569667051633e-8
1.6538946476257827e-8
1.5580165267763166e-8
1.470869707026493e-8
1.3759684881746623e-8
1.3037326490333022e-8
1.2115533563903814e-8
1.1398226594075822e-8
1.0635368802904482e-8
9.848584340967916e-9
9.225951964966276e-9
8.506828524829892e-9
7.937569832985076e-9
7.367333751178338e-9
6.810674192354149e-9
6.325265527628486e-9
2.8244492573501732e-8
4.394822218442346e-8
5.347485494962427e-8
5.967835030690444e-8
6.393888701406347e-8
6.696533133752573e-8
6.914401881588404e-8
7.070071781481079e-8
7.177880979347339e-8
7.247741758204614e-8
7.287002048910091e-8
7.301366238281673e-8
7.295374764197153e-8
7.272682979367689e-8
7.236249098853656e-8
7.188477443753214e-8
7.131334342380851e-8
7.066442519757259e-8
6.99515627143729e-8
6.918619368988739e-8
6.753562873782e-8
6.666609840996677e-8
6.577577800256987e-8
6.395374222634402e-8
6.303071031783091e-8
6.117776900805731e-8
5.9332815616543176e-8
5.8418336781775056e-8
5.6612840265970894e-8
5.4846135582450394e-8
5.312508490636469e-8
5.063955740150248e-8
4.9051132100610536e-8
4.751963048423027e-8
4.533025752918403e-8
4.326919570616158e-8
4.133293870177264e-8
3.9516592932377815e-8
3.781452194744301e-8
3.622060370339273e-8
3.425232074044635e-8
3.244862841858237e-8
3.079356430476879e-8
2.927226445932255e-8
2.753872525084169e-8
2.59710032882041e-8
2.4548947859912186e-8
2.325408312311378e-8
2.1844898542394797e-8
2.0774736126787698e-8
1.9413120365596313e-8
1.8356120265121505e-8
1.7233041520986043e-8
1.6073285691408754e-8
1.5151208649254696e-8
1.4075704325070936e-8
1.3211130601964432e-8
1.2328405898692158e-8
1.1445607129074635e-8
1.0654364910751639e-8
