2.988589868680393e-8
1.095174017990161e-8
-8.328696390684951e-9
-2.454864412775512e-8
-3.790620655705394e-8
-4.9019912243638773e-8
-5.83754126689967e-8
-6.628621536409621e-8
-7.294510424706578e-8
-7.84748539079408e-8
-8.296290630085562e-8
-8.648194437834719e-8
-8.910089676808163e-8
-9.089010296630764e-8
-9.192313410313717e-8
-9.227679549764087e-8
-9.203020135424577e-8
-9.12634292505069e-8
-9.005604286200759e-8
-8.848564858384527e-8
-8.454878120708852e-8
-8.231686974578365e-8
-7.99894691552585e-8
-7.52500618467116e-8
-7.292207811133113e-8
-6.850924561088442e-8
-6.455971280903468e-8
-6.278951453813948e-8
-5.967724396639387e-8
-5.711607305023626e-8
-5.504278007026373e-8
-5.264098442012402e-8
-5.13563328776125e-8
-5.0204208291714445e-8
-4.8534945759299415e-8
-4.675093314204816e-8
-4.4743269938458966e-8
-4.25007342798834e-8
-4.008371993908289e-8
-3.7592503068470075e-8
-3.43450434217948e-8
-3.1381819461738545e-8
-2.8835871418623395e-8
-2.6742965214940697e-8
-2.4694959575518624e-8
-2.3111136321524728e-8
-2.17964510195777e-8
-2.0597710155915585e-8
-1.91955398250367e-8
-1.8035048555081004e-8
-1.646836505959494e-8
-1.5242302500377387e-8
-1.4000303945460833e-8
-1.283067674626783e-8
-1.1982231521404683e-8
-1.1048383463253018e-8
-1.0309496251651886e-8
-9.550648820949376e-9
-8.795199373345644e-9
-8.13808683884692e-9
-5.194788974526935e-8
-9.176607222164475e-8
-1.2360938972165896e-7
-1.4892587901053908e-7
-1.6928268443915406e-7
-1.8580502805835362e-7
-1.992336210725101e-7
-2.1006734847551717e-7
-2.1866713014075208e-7
-2.2531565451145185e-7
-2.3024821008091905e-7
-2.3366788832136593e-7
-2.3575335856111497e-7
-2.3666348178396058e-7
-2.3654065803791018e-7
-2.3551358059072248e-7
-2.3369954351866582e-7
-2.312062871534522e-7
-2.2813336400287421e-7
-2.2457305559497463e-7
-2.1632604521497035e-7
-2.1179119069076963e-7
-2.0707277889897841e-7
-1.973195554972566e-7
-1.923864180362111e-7
-1.826167239499468e-7
-1.7319102447369737e-7
-1.6866922668212467e-7
-1.6009347964336085e-7
-1.522123990646735e-7
-1.4506747119261852e-7
-1.3572258990566848e-7
-1.30352471011431e-7
-1.2559721902579023e-7
-1.1944322060908363e-7
-1.1420413239916581e-7
-1.0959227435664986e-7
-1.0535243969505784e-7
-1.0128122669095899e-7
-9.723622343014611e-8
-9.175214978261747e-8
-8.613481057964768e-8
-8.047016910570645e-8
-7.49164703441683e-8
-6.83961873211349e-8
-6.260055460854124e-8
-5.767366215235393e-8
-5.361289960541907e-8
-4.971391265692057e-8
-4.7064116206504496e-8
-4.38983402220517e-8
-4.142430658297293e-8
-3.8630393933064355e-8
-3.5520657821660946e-8
-3.2954719314831194e-8
-3.002071699467051e-8
-2.782323113015341e-8
-2.5773117241607214e-8
-2.387878619873149e-8
-2.2232990085383275e-8
-4.4510812040135426e-8
-6.616528527829876e-8
-8.195281866117073e-8
-9.403783572395662e-8
-1.0367250884321944e-7
-1.1164796049121126e-7
-1.1838048075896113e-7
-1.2407711301829567e-7
-1.2885377792507775e-7
-1.3279516270826401e-7
-1.359774084772053e-7
-1.3847297419521612e-7
-1.4034938383755681e-7
-1.4166737511012334e-7
-1.4248028875321389e-7
-1.4283476879299045e-7
-1.4277222326739678e-7
-1.4233045087731808e-7
-1.41545019582506e-7
-1.4045020110319678e-7
-1.3746543030345209e-7
-1.356399584163235e-7
-1.3363359092393712e-7
-1.2919251446385345e-7
-1.2681030284722114e-7
-1.2183855565483449e-7
-1.1672164700365662e-7
-1.1415103723183532e-7
-1.0905569698116014e-7
-1.0409844854505065e-7
-9.935370891264412e-8
-9.275155926205803e-8
-8.874246628374295e-8
-8.506563248714845e-8
-8.017102809451708e-8
-7.597965062584199e-8
-7.241263208542828e-8
-6.937131902016285e-8
-6.674919981755734e-8
-6.443990278768248e-8
-6.16754250817738e-8
-5.9084398888233685e-8
-5.651384877581452e-8
-5.387386548122416e-8
-5.0439438828688675e-8
-4.6910811898900115e-8
-4.341162647734409e-8
-4.008357143394121e-8
-3.648502112785975e-8
-3.390494464800109e-8
-3.097091409590897e-8
-2.9020089737744772e-8
-2.7227725870524628e-8
-2.554022949560811e-8
-2.4176521437089232e-8
-2.2421341930717323e-8
-2.084319493520158e-8
-1.9127330805735766e-8
-1.7429526370388392e-8
-1.603726394196952e-8
-2.8612653789822944e-8
-3.4165720588866205e-8
-3.63847401510409e-8
-3.730365460887658e-8
-3.7687690604404264e-8
-3.791443630424885e-8
-3.812560032143905e-8
-3.834740063864327e-8
-3.8565194168570724e-8
-3.875869418475777e-8
-3.891373570416525e-8
-3.902321693572129e-8
-3.90845562829343e-8
-3.909706449926645e-8
-3.9060342213809734e-8
-3.897372126285104e-8
-3.8836384949889774e-8
-3.864777344438739e-8
-3.840799024179126e-8
-3.8118059620340136e-8
-3.7396691228133843e-8
-3.6971737527889714e-8
-3.6509148340039815e-8
-3.5487873630709166e-8
-3.4937419197769906e-8
-3.377584455322898e-8
-3.255565686594523e-8
-3.1931089753192836e-8
-3.0666581091956644e-8
-2.939834854917578e-8
-2.8145108684018048e-8
-2.632932334928725e-8
-2.518105387663538e-8
-2.4094030853607303e-8
-2.2591029898639772e-8
-2.1248378040343684e-8
-2.006519724220235e-8
-1.9034121580961614e-8
-1.8143504105593143e-8
-1.7378349768993893e-8
-1.6522232237858593e-8
-1.5810241091591305e-8
-1.5194837708676596e-8
-1.4633778323896202e-8
-1.3959233425832906e-8
-1.3275540670127514e-8
-1.2562106828993843e-8
-1.1817317370944983e-8
-1.09024825985661e-8
-1.0151630130399697e-8
-9.172706892728093e-9
-8.439579478667857e-9
-7.730902217504887e-9
-7.107666862393696e-9
-6.696143988698747e-9
-6.285702985839389e-9
-5.968788134550268e-9
-5.6096025814589444e-9
-5.186042867983094e-9
-4.758636953329367e-9
-1.9600543498025662e-8
-1.815493753691872e-8
-1.558000168960717e-8
-1.3223107689947883e-8
-1.1306193994977079e-8
-9.828283552893768e-9
-8.715844292068488e-9
-7.881734105456871e-9
-7.250058408010381e-9
-6.763202754438519e-9
-6.380545033608889e-9
-6.074357730398745e-9
-5.825627440507534e-9
-5.620828227140044e-9
-5.449806233406468e-9
-5.304563451981391e-9
-5.178637444162496e-9
-5.0668110298098755e-9
-4.964965391385468e-9
-4.869968422645305e-9
-4.692155374118037e-9
-4.6067832723396774e-9
-4.522830513587786e-9
-4.357953896779865e-9
-4.276708471264836e-9
-4.116064620492465e-9
-3.957188240894392e-9
-3.878176063174163e-9
-3.7207579862044688e-9
-3.564320550784367e-9
-3.4096849259707507e-9
-3.1840241675363775e-9
-3.039836715663816e-9
-2.901973301857182e-9
-2.7084463039663717e-9
-2.5315368575550127e-9
-2.371233347150247e-9
-2.2273535328971633e-9
-2.099754569411775e-9
-1.9880974602773376e-9
-1.8624549429873659e-9
-1.7598848442386147e-9
-1.67557032547031e-9
-1.6047953915967709e-9
-1.5295467589961814e-9
-1.463568666193285e-9
-1.40187370362951e-9
-1.3401478373487855e-9
-1.2621915795633367e-9
-1.1934643658502358e-9
-1.0946055915414062e-9
-1.0115416099487578e-9
-9.20993039982083e-10
-8.302417545838547e-10
-7.649210331507661e-10
-7.013644516467967e-10
-6.604913079482698e-10
-6.24439309829768e-10
-5.890321977537344e-10
-5.541343230093348e-10
-1.9606621753595158e-8
-1.620997917166247e-8
-1.247129142100735e-8
-9.512690521456803e-9
-7.3118885560460405e-9
-5.6967783193083825e-9
-4.5056195466673285e-9
-3.6143272360641596e-9
-2.934597229152592e-9
-2.405818659252328e-9
-1.98700387916632e-9
-1.6503743133931223e-9
-1.3767668167751897e-9
-1.152557566926127e-9
-9.677033842481037e-10
-8.145407968169636e-10
-6.870652013274301e-10
-5.804956280592894e-10
-4.909994663078015e-10
-4.155023272182643e-10
-2.971506941627856e-10
-2.5074727295285195e-10
-2.1105521301704748e-10
-1.4779469241956034e-10
-1.2261441472400633e-10
-8.194533549268582e-11
-5.084014521590042e-11
-3.7854107004312373e-11
-1.547437012163789e-11
3.574328490311386e-12
2.04376262168668e-11
4.2882368332797606e-11
5.6271093870481224e-11
6.847249996615419e-11
8.458195431605514e-11
9.811216050096951e-11
1.091074614063115e-10
1.175435366579501e-10
1.2335117031069554e-10
1.2651557534964517e-10
1.2688328524899693e-10
1.2360257247206526e-10
1.1775833149011275e-10
1.1035940264099851e-10
9.999009248697253e-11
8.915631142678199e-11
7.852549010191255e-11
6.878727465152757e-11
5.904307366752486e-11
5.271844461368145e-11
4.6082452917593396e-11
4.172525752665835e-11
3.757476821121167e-11
3.3685447677406015e-11
3.0670555532327294e-11
2.6703060346646273e-11
2.292584727415855e-11
1.8779851792843243e-11
1.4707142519914294e-11
1.114200174927427e-11
-1.564205021709482e-8
-1.1052579398249985e-8
-7.370887419519809e-9
-4.936334582689061e-9
-3.3736919116167028e-9
-2.3676977611007267e-9
-1.7083900293576689e-9
-1.2640602854680937e-9
-9.541437264488742e-10
-7.29955720278218e-10
-5.621523048978306e-10
-4.328981451976443e-10
-3.311155990813563e-10
-2.496755982836919e-10
-1.8377527861507386e-10
-1.3001916071470883e-10
-8.590413194161944e-11
-4.95283447704385e-11
-1.942014389008672e-11
5.570263570279536e-12
4.362168577027277e-11
5.79661838567059e-11
6.984079201631358e-11
8.764263599093107e-11
9.416662709560934e-11
1.0367151570699762e-10
1.0974047614490721e-10
1.118804734692434e-10
1.1496785046060333e-10
1.1702890858101885e-10
1.1850613038487025e-10
1.201105871935139e-10
1.2089906249231198e-10
1.2148762155267951e-10
1.2199081788468818e-10
1.2201801325101705e-10
1.215311449336385e-10
1.204686880061242e-10
1.1876250167660598e-10
1.1637479879758143e-10
1.1218191593058295e-10
1.070607560017e-10
1.0135711157715711e-10
9.539832860917638e-11
8.793715805840182e-11
8.070791735477852e-11
7.390566338439931e-11
6.771969247196107e-11
6.130020493010271e-11
5.679590622225348e-11
5.15282244558726e-11
4.766757456732169e-11
4.3655600372323384e-11
3.957024446403747e-11
3.634541733188657e-11
3.252422381372357e-11
2.937438196346833e-11
2.6190694834388725e-11
2.3193259304377864e-11
2.0681739582386012e-11
-1.301820753786219e-8
-7.922787948918195e-9
-4.496519361658751e-9
-2.5258704221505053e-9
-1.4252061892014513e-9
-8.151233789726179e-10
-4.763525715101791e-10
-2.8620302211309953e-10
-1.7721114345486703e-10
-1.12763639555563e-10
-7.316676245117824e-11
-4.784265917217293e-11
-3.1045877346276665e-11
-1.956561013198195e-11
-1.1523592541704647e-11
-5.75992801241513e-12
-1.5238019679236528e-12
1.6838726175546673e-12
4.195170862767876e-12
6.226127260100891e-12
9.331878341751934e-12
1.0532094140056843e-11
1.1538102290551301e-11
1.303223219393375e-11
1.3550363023049236e-11
1.4218078969228017e-11
1.4530516943410998e-11
1.4602830579421225e-11
1.465858326368267e-11
1.4663656380312702e-11
1.4657656903831322e-11
1.4637675864872234e-11
1.460458224162741e-11
1.4547924775332235e-11
1.4421106228478736e-11
1.4260264192859777e-11
1.4078540794212326e-11
1.3871161325649767e-11
1.3620089716806752e-11
1.3307968291720866e-11
1.2789319485747991e-11
1.2177711942719556e-11
1.1517611005568827e-11
1.084638980681618e-11
1.0019632172272369e-11
9.218926795964012e-12
8.460147986845829e-12
7.768140502619521e-12
7.052400823130079e-12
6.551176341117304e-12
5.9608155952067124e-12
5.523753179865616e-12
5.070181181004191e-12
4.613202823459985e-12
4.253613342599574e-12
3.8249983961757205e-12
3.4715830581480887e-12
3.1163369188590154e-12
2.780932886469244e-12
2.497035918675208e-12
-1.064286403937404e-8
-5.336485828373422e-9
-2.230043330479646e-9
-6.771587124400414e-10
4.5101639706429156e-11
3.455450455254003e-10
4.3879707207400164e-10
4.348182358786684e-10
3.8879800573725e-10
3.2773002280769765e-10
2.643501996696114e-10
2.043393172528417e-10
1.4997253859888446e-10
1.0192362032001477e-10
6.01328125491992e-11
2.4214214271559003e-11
-6.355050338515688e-12
-3.214505077262678e-11
-5.3727395322509494e-11
-7.164963820259555e-11
-9.849886253518092e-11
-1.0829474646735885e-10
-1.161647307675825e-10
-1.2731644180853404e-10
-1.3108818510309919e-10
-1.3599125798594465e-10
-1.3835478166318681e-10
-1.3887536694209646e-10
-1.390337241229047e-10
-1.3844733463767867e-10
-1.3748253498822862e-10
-1.3578695563603611e-10
-1.3463489072316094e-10
-1.334965342069403e-10
-1.3178181002364357e-10
-1.299677851428625e-10
-1.2794333810336508e-10
-1.2560945559928364e-10
-1.228908120903666e-10
-1.197472001171287e-10
-1.1490884256660909e-10
-1.094586262335629e-10
-1.0361592828412843e-10
-9.761204342576392e-11
-9.016067038240242e-11
-8.299602492428461e-11
-7.629414722894945e-11
-7.020272545576933e-11
-6.383615119258369e-11
-5.932026799531913e-11
-5.40030285820543e-11
-5.0115537065557714e-11
-4.610033981685469e-11
-4.201992270930822e-11
-3.8798729108560406e-11
-3.499942488899411e-11
-3.1882719587808873e-11
-2.8719942258142255e-11
-2.5710637742683806e-11
-2.3177165815413347e-11
-4.8212684916545866e-9
9.547721597006031e-10
3.526773233617039e-9
4.29499467380334e-9
4.228145306499694e-9
3.81343872805961e-9
3.281992900048931e-9
2.738694454627964e-9
2.228047476007336e-9
1.7665213421780743e-9
1.3580382191266903e-9
1.0011530601776633e-9
6.9225837988708e-10
4.269659785406982e-10
2.0069811910830679e-10
8.956626705757344e-12
-1.5253480422275255e-10
-2.877435163848485e-10
-4.0027435915569663e-10
-4.933441329181929e-10
-6.320433744515199e-10
-6.822545264622383e-10
-7.222421874174953e-10
-7.776340104029305e-10
-7.955823484695612e-10
-8.171574383851492e-10
-8.250690571270062e-10
-8.255454185462447e-10
-8.220298417011633e-10
-8.149581706530392e-10
-8.062886547797007e-10
-7.925854321421752e-10
-7.83631824453828e-10
-7.749321608983508e-10
-7.621676654889658e-10
-7.492959114054346e-10
-7.357397057055563e-10
-7.209145683119703e-10
-7.043103019453112e-10
-6.856022876809166e-10
-6.573394322161771e-10
-6.259137658029298e-10
-5.925029682073663e-10
-5.583465247008768e-10
-5.16069603774714e-10
-4.754384311657683e-10
-4.3740653534905943e-10
-4.0281326350086014e-10
-3.666245220280418e-10
-3.4091792094336396e-10
-3.105950821217772e-10
-2.884144874314799e-10
-2.6554788966535983e-10
-2.423728765895428e-10
-2.2409759836538178e-10
-2.0254213258675118e-10
-1.8486641595541375e-10
-1.6692537816559998e-10
-1.4980941221139086e-10
-1.3535216883838518e-10
6.356003794185497e-7
8.494579607952757e-7
9.92456252724705e-7
1.0961764343275108e-6
1.1713813258497763e-6
1.2239652198122781e-6
1.2579021855298516e-6
1.2762378529941721e-6
1.2815137964225686e-6
1.2759548457900729e-6
1.2615470727376075e-6
1.240067509205088e-6
1.213095584495324e-6
1.1820200528815967e-6
1.148046808097614e-6
1.1122089626289423e-6
1.0753789041599474e-6
1.0382815554938265e-6
1.0015080965338118e-6
9.655296100719666e-7
8.973202836182063e-7
8.655473741041186e-7
8.355086775344611e-7
7.808115255099358e-7
7.561256674584799e-7
7.117538739174731e-7
6.733556851362688e-7
6.560915747083528e-7
6.247872227901509e-7
5.969499274960488e-7
5.716798571596064e-7
5.370002930303589e-7
5.152533751826901e-7
4.941989117833922e-7
4.6353990621437674e-7
4.338687611589692e-7
4.05368164093745e-7
3.78383435298888e-7
3.5326875049373874e-7
3.3028725807694477e-7
3.0315736945665855e-7
2.799300970570109e-7
2.6016923147729163e-7
2.432592683784269e-7
2.2515770674507557e-7
2.0944154908014047e-7
1.9536256901621094e-7
1.824939789156948e-7
1.6840108464622736e-7
1.5773762508946348e-7
1.4446524266507002e-7
1.345776883478677e-7
1.2459225228870683e-7
1.1485476627307687e-7
1.0746869617487937e-7
9.915190872559216e-8
9.264567633921448e-8
8.616309502920688e-8
7.988056374881813e-8
7.444946247196804e-8
2.73425313789036e-7
3.457632869824814e-7
3.991178852643508e-7
4.436212968217374e-7
4.812125458494686e-7
5.127132751353471e-7
5.386227635895504e-7
5.593466840940447e-7
5.752862137196392e-7
5.868605615391232e-7
5.944997775979457e-7
5.986294219552485e-7
5.996573948466123e-7
5.979661408633753e-7
5.939098591872944e-7
5.878150576305876e-7
5.799827195226286e-7
5.706907948772352e-7
5.601962740735428e-7
5.487365613585287e-7
5.237769572017814e-7
5.106580531268809e-7
4.973358490289459e-7
4.7063807248838314e-7
4.5749549779752015e-7
4.3207763177847545e-7
4.082433675222373e-7
3.970302267745363e-7
3.7613345547788625e-7
3.573319946272948e-7
3.405928447296537e-7
3.1906883919094074e-7
3.0682596433011317e-7
2.9599587320599435e-7
2.818531567675923e-7
2.695077334131045e-7
2.582410200595456e-7
2.474923477716986e-7
2.3688214882381103e-7
2.2620689783129376e-7
2.117989226981337e-7
1.9737184633549538e-7
1.833006095616518e-7
1.700091105897118e-7
1.5502602782533434e-7
1.4221327986526688e-7
1.3159907945044694e-7
1.2291000766170045e-7
1.1440173089032836e-7
1.0836606964279065e-7
1.0078022334799615e-7
9.46666626489541e-8
8.780521349296925e-8
8.042721909837088e-8
7.458405867574723e-8
6.811369426663226e-8
6.332179046540009e-8
5.878568644195915e-8
5.446962646245811e-8
5.064780561450612e-8
1.1708497200065965e-7
1.1849466730597142e-7
1.1873118538065403e-7
1.2115552281498073e-7
1.2497884180419256e-7
1.2945040407448535e-7
1.3401808837778326e-7
1.383080024683698e-7
1.4209518207127274e-7
1.4526749236253652e-7
1.477889616211913e-7
1.49668944357842e-7
1.509399197865367e-7
1.5164365899291103e-7
1.518239271666773e-7
1.5152351260594183e-7
1.507836603172761e-7
1.496445230839336e-7
1.4814578302130877e-7
1.4632702906055395e-7
1.418871302848085e-7
1.3934335181747603e-7
1.3663322912420112e-7
1.3085088177959603e-7
1.2784091611959933e-7
1.2171863567178755e-7
1.1560864315735613e-7
1.1260465908314628e-7
1.0677214090893359e-7
1.0124915968120547e-7
9.610297022824841e-8
8.91785384581937e-8
8.511626532303638e-8
8.149234254473947e-8
7.682900773769815e-8
7.298663747911979e-8
6.981833999943193e-8
6.716645099935832e-8
6.48771805571976e-8
6.28100307621795e-8
6.019385819551645e-8
5.754301644076337e-8
5.4729735318600365e-8
5.1717494306600514e-8
4.774146980542527e-8
4.371423033190386e-8
3.9867976617907096e-8
3.640428172826872e-8
3.2929292139006475e-8
3.064473056951385e-8
2.8283207276362484e-8
2.683438199472112e-8
2.5500275444911283e-8
2.407460253305453e-8
2.2721035029629305e-8
2.0802318616996747e-8
1.9058123426636454e-8
1.726323806993002e-8
1.566164038800748e-8
1.4498835364028528e-8
5.243605733300196e-8
2.681259579628317e-8
5.265932331043171e-9
-1.0867940592125748e-8
-2.3043884867397536e-8
-3.2551160137118874e-8
-4.023197892673562e-8
-4.6600696189279e-8
-5.197425577264922e-8
-5.6558054754538054e-8
-6.049441902112203e-8
-6.388804066575971e-8
-6.681905042160318e-8
-6.935006422222889e-8
-7.153049690183676e-8
-7.339965020973506e-8
-7.498916363271992e-8
-7.632500958812899e-8
-7.742907460517161e-8
-7.832034759913656e-8
-7.953070974813193e-8
-7.987943313249704e-8
-8.00751446443686e-8
-8.005593625839398e-8
-7.98631513582606e-8
-7.91609274302412e-8
-7.809528442086511e-8
-7.744628072516964e-8
-7.59525810069292e-8
-7.424326343598003e-8
-7.236904246361935e-8
-6.934932760145298e-8
-6.725710657742357e-8
-6.514307909349371e-8
-6.199516754108069e-8
-5.894512625342366e-8
-5.6052603715535e-8
-5.3359466998774993e-8
-5.089243424656862e-8
-4.866483194225099e-8
-4.6067974828722706e-8
-4.3873614911019506e-8
-4.2033555247888326e-8
-4.0485041024302584e-8
-3.8853486310598214e-8
-3.7432764298871545e-8
-3.6097846547888975e-8
-3.474688264202308e-8
-3.30112703055653e-8
-3.144013334165602e-8
-2.908237905431735e-8
-2.6999606607601503e-8
-2.4636970929329766e-8
-2.220339061434232e-8
-2.0420053196951374e-8
-1.8659394547902757e-8
-1.7544781055104604e-8
-1.6639884451071367e-8
-1.5825090233381456e-8
-1.4994813062755433e-8
3.0923406975949e-8
3.185576121123051e-9
-1.8662973177191753e-8
-3.474480064564298e-8
-4.6855685072824625e-8
-5.6415248940686706e-8
-6.428737567345106e-8
-7.09602325093088e-8
-7.671317453500453e-8
-8.17187908609287e-8
-8.609557328802656e-8
-8.993224502715342e-8
-9.32983009697539e-8
-9.624883664033787e-8
-9.882745649300278e-8
-1.010686907110882e-7
-1.0300024705328226e-7
-1.046450249005446e-7
-1.0602275626319345e-7
-1.0715120246609086e-7
-1.0872566695771383e-7
-1.092025616274653e-7
-1.0949208153775824e-7
-1.0956333770894444e-7
-1.0937029032606071e-7
-1.0858395598050245e-7
-1.0733187381968382e-7
-1.0655452115509398e-7
-1.0474021333158874e-7
-1.0263362445537656e-7
-1.002958527092357e-7
-9.647890301717746e-8
-9.380127909556488e-8
-9.106887440581768e-8
-8.694826460798811e-8
-8.289161748296584e-8
-7.897898156808162e-8
-7.527055254268685e-8
-7.180917927195088e-8
-6.862168531121796e-8
-6.481656463867491e-8
-6.151200616032602e-8
-5.867210856888099e-8
-5.6242527595623484e-8
-5.36839921406088e-8
-5.153001331009498e-8
-4.9643205264726263e-8
-4.78958922293123e-8
-4.58368643661248e-8
-4.4069428057120176e-8
-4.1451128652238815e-8
-3.9077468011743255e-8
-3.622630149381898e-8
-3.3012704274378765e-8
-3.0390793410954976e-8
-2.7456023968269215e-8
-2.5337225996475334e-8
-2.3490364332529383e-8
-2.197901501849396e-8
-2.082806745359068e-8
1.1775312566755123e-8
-1.32348280851407e-8
-2.987879705280902e-8
-4.0220743337841004e-8
-4.6692360023607504e-8
-5.103995984497756e-8
-5.4216233709716306e-8
-5.6680588459169246e-8
-5.865128461831638e-8
-6.02463296367177e-8
-6.154577683510319e-8
-6.26128909773119e-8
-6.349850272121917e-8
-6.42409293844659e-8
-6.48663403685134e-8
-6.539061182959312e-8
-6.582217699287474e-8
-6.616504856909298e-8
-6.642137563177921e-8
-6.6593218193065e-8
-6.669629224980232e-8
-6.663661109303209e-8
-6.651001289537237e-8
-6.607816789662558e-8
-6.578283743751457e-8
-6.505298988815415e-8
-6.415622336430298e-8
-6.365071671559036e-8
-6.253533311647712e-8
-6.129527013256409e-8
-5.99506132125088e-8
-5.778656808293317e-8
-5.627816467696254e-8
-5.4740046872460824e-8
-5.241115425891501e-8
-5.009241282345609e-8
-4.7816905607898814e-8
-4.5614110780030956e-8
-4.3511002050869006e-8
-4.1529931820321806e-8
-3.9103336065386924e-8
-3.69336021230392e-8
-3.5015322004934016e-8
-3.333339585219708e-8
-3.1534755292368895e-8
-3.003297381952875e-8
-2.877327308244424e-8
-2.7691435279953104e-8
-2.6539370704957754e-8
-2.564069889816214e-8
-2.4403091907964378e-8
-2.3316219863307596e-8
-2.1985613142475513e-8
-2.0386845991112907e-8
-1.8967018171233682e-8
-1.7213358432777576e-8
-1.5799853805800388e-8
-1.4429655305381384e-8
-1.3215473545339607e-8
-1.2315467386570833e-8
1.2498916188525264e-8
-5.3439051700874055e-9
-1.5456860845180062e-8
-2.0456056105259407e-8
-2.2674257186083025e-8
-2.354813300305138e-8
-2.381146336153108e-8
-2.3799893366304266e-8
-2.3658292385262877e-8
-2.3451196128196705e-8
-2.3212488455104737e-8
-2.2963961503980114e-8
-2.272060411486207e-8
-2.2491620052303902e-8
-2.228090852078587e-8
-2.2088061125809137e-8
-2.190980765182498e-8
-2.1741534965607105e-8
-2.157855249217974e-8
-2.1416935255640944e-8
-2.1087962508517372e-8
-2.0918488194562657e-8
-2.0745611086128316e-8
-2.0391464031883994e-8
-2.0211024271596293e-8
-1.9843869573325685e-8
-1.946628008180532e-8
-1.9272346131507397e-8
-1.8871981395192207e-8
-1.84537242945124e-8
-1.8018687986726998e-8
-1.7342616621421667e-8
-1.688282213387965e-8
-1.6420402819611146e-8
-1.5727581572883996e-8
-1.5040374118673274e-8
-1.4362939278548689e-8
-1.3700832046309797e-8
-1.3061334363665666e-8
-1.2451821633463528e-8
-1.1694929174951744e-8
-1.1006344532596278e-8
-1.0385095746291776e-8
-9.82832223181431e-9
-9.219975679881627e-9
-8.705273702782836e-9
-8.275266341537839e-9
-7.914651539205888e-9
-7.549057210109079e-9
-7.2833246376603296e-9
-6.9494856966019834e-9
-6.681800115149027e-9
-6.369818680988293e-9
-5.994357983869634e-9
-5.64788232268996e-9
-5.193650099365645e-9
-4.797639294591409e-9
-4.377100429038516e-9
-3.965133380872248e-9
-3.633731708493494e-9
1.2296783217382267e-8
-5.434434500076105e-10
-6.622257300042451e-9
-8.788361682312953e-9
-9.130648444714894e-9
-8.729035745630627e-9
-8.087125738419236e-9
-7.419275664299729e-9
-6.805413925037261e-9
-6.267872386071643e-9
-5.8068246514344386e-9
-5.4152402175066875e-9
-5.084465978591623e-9
-4.8059608530496355e-9
-4.571705805010398e-9
-4.374296668447022e-9
-4.207028955958694e-9
-4.06400744553199e-9
-3.940236433512243e-9
-3.8316504917235255e-9
-3.648105145736961e-9
-3.568990742025257e-9
-3.496446938245791e-9
-3.3674616144534236e-9
-3.309635117057209e-9
-3.204384135264945e-9
-3.1094243535770565e-9
-3.064575064575493e-9
-2.9781329767821805e-9
-2.8941897271123337e-9
-2.8115497022698293e-9
-2.689555565857418e-9
-2.6098807247722907e-9
-2.5318139016285865e-9
-2.4177401022566277e-9
-2.306746645686912e-9
-2.1982449738135976e-9
-2.0923385047442888e-9
-1.989885294667952e-9
-1.8920320182779775e-9
-1.7701732141060887e-9
-1.6586533111842607e-9
-1.5569602958610815e-9
-1.4645361374455835e-9
-1.3620540351012311e-9
-1.2744489215979713e-9
-1.2010397661156478e-9
-1.1396284594772747e-9
-1.0780682377631181e-9
-1.0346389753634763e-9
-9.835254158922203e-10
-9.463237534713954e-10
-9.064158514665953e-10
-8.60503166162251e-10
-8.185615047613713e-10
-7.629444060381423e-10
-7.121549460962292e-10
-6.538446463149071e-10
-5.916697373360202e-10
-5.381200158751319e-10
1.2537895104208995e-8
3.677664167822665e-9
2.0719371500670858e-10
-4.987890451354655e-10
-1.4352743392652625e-10
5.126439874168624e-10
1.1626615272045123e-9
1.7010230681319753e-9
2.107417824589467e-9
2.3941082258295083e-9
2.582872465487482e-9
2.695589003607185e-9
2.750978844794313e-9
2.763978611682891e-9
2.746110290115911e-9
2.7061245354321417e-9
2.6506271020070957e-9
2.5845954561577903e-9
2.5117756288764327e-9
2.43497847820504e-9
2.2772872440339057e-9
2.1990647387312105e-9
2.1224334678390478e-9
1.9759774490064573e-9
1.9067524348494515e-9
1.7769799673971429e-9
1.6588842924780634e-9
1.6041037805273745e-9
1.5026404801037406e-9
1.4112320422594663e-9
1.3288911880226172e-9
1.2201599889452554e-9
1.1561186847780383e-9
1.0978269875652867e-9
1.019580904380366e-9
9.505712303418455e-10
8.891606653987149e-10
8.340155096711977e-10
7.840355118108147e-10
7.383325374037725e-10
6.828996802873835e-10
6.327769615218485e-10
5.872875466599877e-10
5.459883182653409e-10
4.99738480699082e-10
4.589377545964442e-10
4.2311437692224155e-10
3.918307442859183e-10
3.59580859660619e-10
3.364320882904568e-10
3.0855960503110795e-10
2.8804769009674725e-10
2.673182394304213e-10
2.470097346053408e-10
2.3146238792110116e-10
2.1379852674185765e-10
2.001498463843718e-10
1.8707967241311698e-10
1.7485886939564508e-10
1.6429348461521264e-10
2.396359297415947e-8
2.1625501780858125e-8
2.1405913046285724e-8
2.2076843638031984e-8
2.277450540513048e-8
2.3215045072862867e-8
2.335165834210806e-8
2.3219492345857627e-8
2.287551096641001e-8
2.237623175055739e-8
2.177019654328232e-8
2.1096226748958084e-8
2.0383949988782362e-8
1.9655157563102163e-8
1.8925365371935396e-8
1.820529222089945e-8
1.750212910403229e-8
1.682055702009495e-8
1.6163517988964686e-8
1.553276948911882e-8
1.435339663262895e-8
1.3805162080423893e-8
1.3284250693384271e-8
1.2321993341067673e-8
1.1878987035905552e-8
1.1064061677239987e-8
1.033610219820112e-8
1.0001690310606905e-8
9.386017485811632e-9
8.833753227220175e-9
8.336792486647315e-9
7.679766031503966e-9
7.2919436574353e-9
6.938221503801665e-9
6.461841319756945e-9
6.039152874098135e-9
5.659773431852556e-9
5.31577058483192e-9
5.001292385744553e-9
4.712040981667534e-9
4.360091512986033e-9
4.041378113676545e-9
3.7515709528578304e-9
3.487745005351877e-9
3.1918901008679886e-9
2.931760442265481e-9
2.7050590265571856e-9
2.5085277806295976e-9
2.306976994748249e-9
2.1631058151697797e-9
1.991942513260602e-9
1.868093005844167e-9
1.7439319400259389e-9
1.62118108874899e-9
1.5256339208292179e-9
1.415372840430028e-9
1.3275641285634874e-9
1.2386838753663098e-9
1.1509009157004889e-9
1.0742389072950556e-9
8.034346826237148e-7
1.0664796797267909e-6
1.242619137980406e-6
1.371717287037066e-6
1.466683055605951e-6
1.5343341963306724e-6
1.5792116355842772e-6
1.604819296452444e-6
1.6141288275542372e-6
1.6097866500365426e-6
1.5941895252147177e-6
1.5695059064213375e-6
1.537679637380872e-6
1.5004318330920024e-6
1.4592664067303491e-6
1.4154799693575929e-6
1.370175055798079e-6
1.3242752837750065e-6
1.2785412871814043e-6
1.2335866467631267e-6
1.1478267985855802e-6
1.1076496369844806e-6
1.0695354868574596e-6
9.998202717392585e-7
9.682311552173458e-7
9.112810213915964e-7
8.618698733060446e-7
8.396383650378866e-7
7.993515648601003e-7
7.636166673916296e-7
7.313116520852255e-7
6.872534957927766e-7
6.597884591461086e-7
6.332897646113235e-7
5.947855394698299e-7
5.575082657622195e-7
5.215928784706253e-7
4.874243331583072e-7
4.5544137440282893e-7
4.2600086285986564e-7
3.910252871977959e-7
3.609120743289966e-7
3.3521803493842957e-7
3.1323686111617016e-7
2.897938634770166e-7
2.695661064240171e-7
2.5154442397244416e-7
2.3511512687635506e-7
2.1710726027292072e-7
2.0343391947744136e-7
1.8633276514554625e-7
1.7353641725600584e-7
1.6058663864010305e-7
1.4796654092221352e-7
1.3841834696351747e-7
1.2769397789543995e-7
1.1931107942816107e-7
1.1094879878688917e-7
1.0282830256677944e-7
9.580001424166346e-8
4.3555057212306946e-7
5.608564628827919e-7
6.518658534305191e-7
7.259964536386878e-7
7.878689059064112e-7
8.396546141158994e-7
8.825268922230583e-7
9.172513667077915e-7
9.444705365274768e-7
9.648137488319091e-7
9.789189513336983e-7
9.87420527912525e-7
9.909312727973789e-7
9.900295920882058e-7
9.852540019483273e-7
9.771032062153574e-7
9.660391435083351e-7
9.524908185658574e-7
9.368575611709131e-7
9.195111355639465e-7
8.810327745708867e-7
8.605110298066013e-7
8.394956080006537e-7
7.969018967522345e-7
7.757142881931618e-7
7.343383463974808e-7
6.950578477090894e-7
6.764108479835959e-7
6.413611413457643e-7
6.094759524071207e-7
5.807961919392742e-7
5.435170755406638e-7
5.221391249162642e-7
5.031678634985323e-7
4.784268030276634e-7
4.5703778879872226e-7
4.378533763541674e-7
4.1992609865282577e-7
4.025598739106026e-7
3.853175954664366e-7
3.622000716205964e-7
3.3899425453340044e-7
3.1611567177203964e-7
2.941504638482922e-7
2.6883961930506803e-7
2.4662918432543613e-7
2.277949391391685e-7
2.1212991947604324e-7
1.967556868248952e-7
1.860183695532061e-7
1.72931051328726e-7
1.6270656591296717e-7
1.5139262914422545e-7
1.3915967199545796e-7
1.292743326333149e-7
1.1804001015563627e-7
1.0954241806616583e-7
1.0145936107061009e-7
9.3869738673215e-8
8.72887532503368e-8
2.7164754800975785e-7
3.280017936564181e-7
3.7185879399730793e-7
4.108624757965163e-7
4.458591401868457e-7
4.773861817459162e-7
5.056085135201519e-7
5.305128942441819e-7
5.520951962995813e-7
5.704364979226274e-7
5.857007865728737e-7
5.981017747502671e-7
6.078685514727009e-7
6.152222175972795e-7
6.203650190689227e-7
6.234788258987033e-7
6.2472877553622e-7
6.242686046120739e-7
6.222454412440945e-7
6.188030042402812e-7
6.082251053204718e-7
6.013658053647304e-7
5.93637028499569e-7
5.760670009999901e-7
5.664546276374613e-7
5.460846128394129e-7
5.247699952394268e-7
5.139481288108712e-7
4.92295060776214e-7
4.709864792901468e-7
4.503755098768838e-7
4.2134260227352743e-7
4.0350326743173314e-7
3.8699396621010953e-7
3.6478089451325244e-7
3.4553394191159904e-7
3.2899583021138846e-7
3.1480907295120007e-7
3.025662471034976e-7
2.9184408243901933e-7
2.79202286222797e-7
2.676480980373323e-7
2.564791641296289e-7
2.4522870582798015e-7
2.307354796326884e-7
2.158063152127933e-7
2.0079860543635833e-7
1.8621739133199458e-7
1.699843457695643e-7
1.57959424182794e-7
1.437951381456891e-7
1.3407491902413505e-7
1.2505558154879198e-7
1.1681426060952728e-7
1.1055654376644144e-7
1.0294909237417757e-7
9.624668975630087e-8
8.882042798565065e-8
8.113019486076632e-8
7.447544476147867e-8
1.8705442237555694e-7
2.0488006987354252e-7
2.2031556177828902e-7
2.369478685197481e-7
2.536468035706959e-7
2.7001851836157523e-7
2.857282177298676e-7
3.004376521174734e-7
3.138917052282346e-7
3.2595768716833966e-7
3.366106320193915e-7
3.4589575293143553e-7
3.5389157223096464e-7
3.606839974772536e-7
3.6635266111964204e-7
3.709666758110095e-7
3.7458594672967704e-7
3.772647511722064e-7
3.790553959832098e-7
3.8001083032512e-7
3.7963733949518855e-7
3.7842309157199125e-7
3.766010416839924e-7
3.7135799885851173e-7
3.680430068955724e-7
3.6026774344350486e-7
3.5125131572367e-7
3.463748018628436e-7
3.360608244388044e-7
3.252137023480539e-7
3.1407023126987216e-7
2.972544210817157e-7
2.8623219846638176e-7
2.7552318358253354e-7
2.602662007964277e-7
2.461758410978556e-7
2.333758511201876e-7
2.2190861595828044e-7
2.117550683271065e-7
2.028459313434679e-7
1.9270557245510558e-7
1.842283166824757e-7
1.7701772702072125e-7
1.7068124698851618e-7
1.63461859382566e-7
1.5651931211314996e-7
1.4947791844450227e-7
1.4213825504379748e-7
1.3290839021913163e-7
1.2501511848283857e-7
1.1410249120512683e-7
1.0531669261365357e-7
9.617372791143165e-8
8.750515842971167e-8
8.150285696044659e-8
7.561916636053578e-8
7.157084681396377e-8
6.763946526959837e-8
6.340844970335273e-8
5.904096462581826e-8
1.378655942534707e-7
1.3215365736762914e-7
1.285209031528737e-7
1.2903620785920839e-7
1.3191361924807628e-7
1.362572854911521e-7
1.4143545866767824e-7
1.4694046782886525e-7
1.5240238252396132e-7
1.5759045527535006e-7
1.6238600759051768e-7
1.667444576606617e-7
1.7066132794298832e-7
1.741485146223812e-7
1.772210518328501e-7
1.7989180777837558e-7
1.8217095923058082e-7
1.840676070180678e-7
1.8559177154151547e-7
1.867558394860762e-7
1.8806782189168993e-7
1.8825399159875738e-7
1.8815489309852882e-7
1.87185694811937e-7
1.8635587659100454e-7
1.840965936484927e-7
1.811433775099312e-7
1.794423802353361e-7
1.7565810240070926e-7
1.7144977995046606e-7
1.6691805700978763e-7
1.5972366711436384e-7
1.5478951371932656e-7
1.498318627073009e-7
1.4248094036588034e-7
1.3536975294568944e-7
1.286133484138474e-7
1.2229515617734523e-7
1.1647266835852344e-7
1.1117803701345654e-7
1.0494750566491182e-7
9.961726955108822e-8
9.508927067766805e-8
9.12405008275139e-8
8.718705276711949e-8
8.374109181640686e-8
8.066101478175071e-8
7.772963900545266e-8
7.417481374077923e-8
7.106879693600772e-8
6.645752755103693e-8
6.232685053657656e-8
5.746670997061006e-8
5.2141860678099075e-8
4.7931685967009266e-8
4.338259517338578e-8
4.021076789607893e-8
3.7500742445085e-8
3.526077316424143e-8
3.345740339321729e-8
9.155702890638257e-8
6.701909722400527e-8
4.889364525303403e-8
3.7452666026284654e-8
3.024439024519205e-8
2.5765053655883578e-8
2.3059711766982176e-8
2.1491649392785217e-8
2.0639478317130555e-8
2.0233816677811718e-8
2.0108610378556355e-8
2.016340981419969e-8
2.033634676033013e-8
2.0586664202375752e-8
2.0884679308213943e-8
2.120680865495756e-8
2.153358497117463e-8
2.1849136189424707e-8
2.214115524758189e-8
2.2400846241592395e-8
2.280375965513783e-8
2.2943467298338536e-8
2.3042524244131784e-8
2.312547223212551e-8
2.3113372703754283e-8
2.2991433137653137e-8
2.2749634271906478e-8
2.2587320138007444e-8
2.2187179810361896e-8
2.1697709107943043e-8
2.113470151105097e-8
2.0190231758123004e-8
1.9518495501150225e-8
1.8830168574940396e-8
1.7791505557316576e-8
1.6771158702927274e-8
1.5791235716446617e-8
1.4869741240669735e-8
1.4021580563942616e-8
1.3257548121357663e-8
1.2378301034880309e-8
1.1655774053692587e-8
1.1075999685960413e-8
1.061967991442681e-8
1.0191520831261077e-8
9.882183262486839e-9
9.646393634568912e-9
9.438413653000126e-9
9.171213129034976e-9
8.903454472532625e-9
8.435075144904676e-9
7.943631500299957e-9
7.282658963631483e-9
6.467874451025312e-9
5.773021631301879e-9
4.998655417297109e-9
4.470483788303489e-9
4.066123967350649e-9
3.826850010660899e-9
3.744072765258416e-9
7.61480276991075e-8
4.646187682843558e-8
2.370072339627841e-8
8.019785449052414e-9
-3.0179711365688046e-9
-1.1145134823876666e-8
-1.740475335997219e-8
-2.240853473902189e-8
-2.6522997190221773e-8
-2.997828032606907e-8
-3.292718277380933e-8
-3.5476287126695246e-8
-3.770253107471044e-8
-3.966254074557345e-8
-4.139842647764981e-8
-4.2941776189534405e-8
-4.4316602688019126e-8
-4.554156251669806e-8
-4.663159553794475e-8
-4.759908553299719e-8
-4.920754995667697e-8
-4.986611690705418e-8
-5.043775861163432e-8
-5.134611309790213e-8
-5.169399921084579e-8
-5.2200522931103044e-8
-5.248009494406177e-8
-5.2542947505254725e-8
-5.252905472900041e-8
-5.2346455532800685e-8
-5.201489279587944e-8
-5.127876652050209e-8
-5.0653862824804666e-8
-4.993982519604099e-8
-4.873183158009969e-8
-4.7396301415021855e-8
-4.597024887830613e-8
-4.448702559655286e-8
-4.29765925607854e-8
-4.1465120289005285e-8
-3.948547893775747e-8
-3.7582709896753314e-8
-3.578539106012107e-8
-3.411303099080878e-8
-3.221633946292469e-8
-3.054312633585594e-8
-2.908803042813681e-8
-2.7833577253457358e-8
-2.655741147423569e-8
-2.5651026128178115e-8
-2.456131597349545e-8
-2.3737504344521908e-8
-2.283696418194481e-8
-2.1811604256601587e-8
-2.0872154080814182e-8
-1.9579449026705788e-8
-1.8359700371592448e-8
-1.6953607029554738e-8
-1.543483065370511e-8
-1.4054466622956781e-8
6.731522290098185e-8
3.737717804193141e-8
1.5065678241336946e-8
3.227506497235927e-11
-1.031400120605406e-8
-1.7857942001925274e-8
-2.3687905517950995e-8
-2.839536756555319e-8
-3.230991713505146e-8
-3.563213873283642e-8
-3.849787640499612e-8
-4.100608920270018e-8
-4.3230405905928495e-8
-4.522469790499658e-8
-4.7027053799709404e-8
-4.866350640887221e-8
-5.0151588114296845e-8
-5.150343282363141e-8
-5.272818416818906e-8
-5.383362907727294e-8
-5.571596490119114e-8
-5.650740529623955e-8
-5.720846925658653e-8
-5.836508523412947e-8
-5.883170867954158e-8
-5.956356479711485e-8
-6.004869666489649e-8
-6.020534610743427e-8
-6.035843417800898e-8
-6.031348855308587e-8
-6.009031048219634e-8
-5.946654824509038e-8
-5.888715678465909e-8
-5.819780880115315e-8
-5.6990559822847416e-8
-5.5613850824020415e-8
-5.410641146569818e-8
-5.250527566154006e-8
-5.08462474081044e-8
-4.916214567098233e-8
-4.692496398939826e-8
-4.474236964444255e-8
-4.2650026935687554e-8
-4.067441329711903e-8
-3.839938346547215e-8
-3.636278148714278e-8
-3.456967739277471e-8
-3.300770284404299e-8
-3.140706792007887e-8
-3.0271638420908994e-8
-2.893022447143752e-8
-2.7953085523140604e-8
-2.6934334576168863e-8
-2.5832857422034875e-8
-2.48622353528656e-8
-2.355170730278602e-8
-2.2303416755601972e-8
-2.0812669959412067e-8
-1.9116731337636378e-8
-1.7484408685560208e-8
6.313395311781121e-8
3.580575431400271e-8
1.6350740252272926e-8
4.114301583681683e-9
-3.5664230053318746e-9
-8.7149237374158e-9
-1.2456842852640012e-8
-1.535000080937466e-8
-1.767117603129238e-8
-1.9576671383223392e-8
-2.1173500305329137e-8
-2.2544102113132244e-8
-2.3752241139993447e-8
-2.4844001534550563e-8
-2.58492529778418e-8
-2.6784656959924874e-8
-2.7657597498995248e-8
-2.8470095265555844e-8
-2.9222006983901736e-8
-2.9913191647171814e-8
-3.111880154751357e-8
-3.163928486881362e-8
-3.2110381378604054e-8
-3.2921484907937736e-8
-3.326869914133922e-8
-3.385844112052941e-8
-3.431597210940458e-8
-3.449625539517254e-8
-3.4761214128698224e-8
-3.490271190301259e-8
-3.492960691407214e-8
-3.478291689631365e-8
-3.458023057869572e-8
-3.4307309239712905e-8
-3.3784601731068184e-8
-3.3143502932843985e-8
-3.240093282972771e-8
-3.15763591576639e-8
-3.069281840936396e-8
-2.977381510679916e-8
-2.8527333217901054e-8
-2.7286159243058604e-8
-2.6070772752663963e-8
-2.4897322208049296e-8
-2.3514619186865566e-8
-2.2251891276436096e-8
-2.1123700101042307e-8
-2.0128040878976584e-8
-1.9093442604507433e-8
-1.8352997879688752e-8
-1.7484273144055883e-8
-1.6870812738095026e-8
-1.626176362225946e-8
-1.5642607015897565e-8
-1.5128390290228133e-8
-1.4466926678698557e-8
-1.3844334830538055e-8
-1.3076287453955118e-8
-1.2153446938171558e-8
-1.1213617004978864e-8
7.406293692691173e-8
5.4330888094279845e-8
4.04589233466627e-8
3.239968658648197e-8
2.7911709696199903e-8
2.524325323763956e-8
2.3443403053951446e-8
2.2072530742889817e-8
2.093947360509761e-8
1.9953569540443978e-8
1.9059780338400362e-8
1.821725160213191e-8
1.7395399987657125e-8
1.6574414925681782e-8
1.5745092872470918e-8
1.49069977025829e-8
1.4065546954505562e-8
1.322893971948986e-8
1.2405616011546489e-8
1.160257807762718e-8
1.0074149896090423e-8
9.351805292974349e-9
8.656867681670869e-9
7.343887916777263e-9
6.723381132405647e-9
5.551391616858445e-9
4.472775932443959e-9
3.969888070300442e-9
3.0394253832494767e-9
2.2095798771778322e-9
1.4759620343389654e-9
5.368470953021248e-10
3.732808721576095e-12
-4.6503340466557653e-10
-1.0600914903670637e-9
-1.5362228298230953e-9
-1.903559853275221e-9
-2.1752582425308482e-9
-2.368334043579472e-9
-2.5006777866299843e-9
-2.6081677015222594e-9
-2.6575702152706926e-9
-2.662081035053649e-9
-2.632634690835542e-9
-2.5682271660974065e-9
-2.4974670930863152e-9
-2.436850216660764e-9
-2.3902563424911427e-9
-2.3504617559560452e-9
-2.3313377676040057e-9
-2.3319536237119358e-9
-2.3574091764544203e-9
-2.402132242741221e-9
-2.4507435532138937e-9
-2.4828432618024192e-9
-2.5067840121921368e-9
-2.499228787462875e-9
-2.4406036672542406e-9
-2.3185351627315966e-9
-2.1631609263586633e-9
9.016387883559051e-7
1.1903990828074915e-6
1.3853319875545002e-6
1.5296747908964713e-6
1.6367797434278768e-6
1.7137324848961597e-6
1.7653506688947603e-6
1.7954247172748082e-6
1.8072131389375247e-6
1.803641409195563e-6
1.7873710022205626e-6
1.7608160557443258e-6
1.7261442875651896e-6
1.685277757360852e-6
1.6398985160626265e-6
1.591459425154964e-6
1.541198729716394e-6
1.4901567333696454e-6
1.439193262569505e-6
1.3890050712120107e-6
1.2930267997843841e-6
1.2479632606192424e-6
1.2051581620498665e-6
1.1267305386942438e-6
1.0911417680993889e-6
1.0269123411727183e-6
9.711364614277746e-7
9.460364904485415e-7
9.00565408502272e-7
8.602734127670185e-7
8.23907395119325e-7
7.744276329268688e-7
7.436500132908426e-7
7.139913634108295e-7
6.709235640276287e-7
6.292131320692182e-7
5.889719418674022e-7
5.506122968105124e-7
5.146254041274294e-7
4.814246140504071e-7
4.4189085105003504e-7
4.0778757919832083e-7
3.786642255450515e-7
3.5375757039824534e-7
3.2723582901322983e-7
3.044052499120536e-7
2.841033643266942e-7
2.6560900313960934e-7
2.453257805562102e-7
2.299020684939231e-7
2.1057655841762248e-7
1.9609392991493803e-7
1.814295602193209e-7
1.6714484575875758e-7
1.5634803903002247e-7
1.4423119069620943e-7
1.3476099242990553e-7
1.253090111146314e-7
1.1612370179591729e-7
1.0817110930212262e-7
5.31147195843218e-7
6.779790017205257e-7
7.844142379610214e-7
8.717986342077924e-7
9.454027895913809e-7
1.0075069659029268e-6
1.059271942299173e-6
1.1014532379377922e-6
1.134722076487333e-6
1.1597759263342322e-6
1.177348187257238e-6
1.1881825323516007e-6
1.1930044432121343e-6
1.192501955106183e-6
1.187317030870189e-6
1.1780447330364772e-6
1.1652365513049585e-6
1.1494049485150042e-6
1.1310273191292076e-6
1.1105485779079256e-6
1.0649108839578104e-6
1.040484848291676e-6
1.0154223753625388e-6
9.644968535373121e-7
9.391070145820654e-7
8.894231924303338e-7
8.421358270040073e-7
8.196475314586241e-7
7.773069418495331e-7
7.387083950104505e-7
7.039247194665182e-7
6.586247737257521e-7
6.326117569543258e-7
6.09516705972936e-7
5.794096442485926e-7
5.534315040297893e-7
5.30206931070121e-7
5.085870956990154e-7
4.877151313759908e-7
4.670394089298623e-7
4.3934335305512067e-7
4.115157374816616e-7
3.8401360962003137e-7
3.575217488305021e-7
3.2686768897313455e-7
2.9984661679913893e-7
2.768471411194271e-7
2.5767573153931264e-7
2.388645837364121e-7
2.2576761419312872e-7
2.0988919572564172e-7
1.9754668446216434e-7
1.8391396828825342e-7
1.6914866354212506e-7
1.5717044846890532e-7
1.4349884415020708e-7
1.3312670799961695e-7
1.2325851751706054e-7
1.140154909953589e-7
1.0602654165919814e-7
3.6837842526979786e-7
4.447872647764176e-7
5.022448632197501e-7
5.525539736828295e-7
5.97599477681582e-7
6.383629802306931e-7
6.751008056806182e-7
7.077433129734915e-7
7.362113413139398e-7
7.605452404479136e-7
7.809101825539894e-7
7.975519291213112e-7
8.107481633796049e-7
8.20774089950217e-7
8.278852694181032e-7
8.323136888206806e-7
8.342713904251507e-7
8.339568355067164e-7
8.315608559297531e-7
8.272706569267374e-7
8.137465922347958e-7
8.048753537481917e-7
7.948315881382095e-7
7.718810320095818e-7
7.592767547533562e-7
7.324846132155959e-7
7.04353632311049e-7
6.90038275766607e-7
6.613346348383323e-7
6.330125247416298e-7
6.055485861086583e-7
5.667468808332416e-7
5.428361102965621e-7
5.206591844029382e-7
4.907429269870996e-7
4.647476972866013e-7
4.423596299943098e-7
4.2312706077382556e-7
4.0652674036050935e-7
3.9200855510577644e-7
3.7495480966907676e-7
3.594640748159359e-7
3.4458526057730664e-7
3.2966918503289375e-7
3.105000396893196e-7
2.9074330140974274e-7
2.7082165624432005e-7
2.5137600962573166e-7
2.2959528423627358e-7
2.1335660751268556e-7
1.9410518736898488e-7
1.8082381110446212e-7
1.6848391260332827e-7
1.5726792462766268e-7
1.4884334137258115e-7
1.387067807737726e-7
1.2980939823810417e-7
1.199159664672192e-7
1.095886230470888e-7
1.0057327966463147e-7
2.865613221520184e-7
3.248505091832957e-7
3.546254714418479e-7
3.8290221858171e-7
4.094510650184424e-7
4.347011913383999e-7
4.58677865477167e-7
4.810934892625396e-7
5.016356649547914e-7
5.201170525324406e-7
5.364949887380214e-7
5.508299805815974e-7
5.632334567487767e-7
5.73828232223625e-7
5.827271129449512e-7
5.900263629068397e-7
5.958081715917748e-7
6.001468031075689e-7
6.031147949757032e-7
6.047873228886649e-7
6.045697457489065e-7
6.028513692935942e-7
6.001773266472935e-7
5.923068386536258e-7
5.87273565943082e-7
5.753828380266914e-7
5.614989597466276e-7
5.539587321340838e-7
5.379521812689245e-7
5.210437723322646e-7
5.03603695804782e-7
4.771659947737874e-7
4.5976347458076844e-7
4.428008524713619e-7
4.1853888663348813e-7
3.960251648113808e-7
3.754749292233384e-7
3.569772942155393e-7
3.4052571304483537e-7
3.2603367680245356e-7
3.0948191798049014e-7
2.956187172168973e-7
2.838424530901776e-7
2.735474728720063e-7
2.6193565274937013e-7
2.5091784756451945e-7
2.3986907369083617e-7
2.284246965323731e-7
2.1404475060569963e-7
2.0170110149511523e-7
1.845066903939137e-7
1.705180254289797e-7
1.557851431015903e-7
1.4161327016234978e-7
1.3167111791884616e-7
1.2185461805558605e-7
1.1514056422369921e-7
1.0876078951935557e-7
1.0207607182733281e-7
9.5265858574666e-8
2.3949880707267284e-7
2.5525728639347536e-7
2.680800799922152e-7
2.8251349482518434e-7
2.97239694920615e-7
3.122444602522032e-7
3.2733695175069774e-7
3.4209566525641114e-7
3.5610774095850024e-7
3.6910174735194756e-7
3.8096057403271597e-7
3.916767148069833e-7
4.0129817984061036e-7
4.0988780275793307e-7
4.1750110759693283e-7
4.2417931889992157e-7
4.2995155728986165e-7
4.34840832963374e-7
4.388701582825577e-7
4.4206686706481925e-7
4.4610313709018355e-7
4.4702705748120875e-7
4.4728345176867064e-7
4.4598226592166797e-7
4.445142964497995e-7
4.401452871436038e-7
4.3409966512871444e-7
4.3052762893728717e-7
4.2243330807690343e-7
4.132644697587154e-7
4.032493550799228e-7
3.8712066359982676e-7
3.7592457842362657e-7
3.64577346956067e-7
3.4758236697108807e-7
3.3095290765586713e-7
3.1497911939175905e-7
2.998814797321785e-7
2.858223323551216e-7
2.7290573368556433e-7
2.575285929894793e-7
2.4420851014221756e-7
2.3277401179698003e-7
2.22986645009736e-7
2.1266461759284418e-7
2.0396570370202633e-7
1.96347853816747e-7
1.893000619780393e-7
1.8101049374293738e-7
1.7392250010221483e-7
1.6349577779570189e-7
1.5412012632674448e-7
1.4292432093060756e-7
1.3034564645196506e-7
1.2009438185202927e-7
1.0861612718993734e-7
1.0029248034018495e-7
9.295073985382165e-8
8.683183317740592e-8
8.211711095417538e-8
1.9084702831232755e-7
1.854905508413659e-7
1.8422792218460205e-7
1.8781347316512003e-7
1.935168317840968e-7
2.0099921255495093e-7
2.098295726693414e-7
2.1932776190281885e-7
2.2886264045438338e-7
2.3801628129244878e-7
2.465902357262478e-7
2.5453766623757067e-7
2.618861469850194e-7
2.6868108387230603e-7
2.7495580869156567e-7
2.807229346718649e-7
2.859783540774416e-7
2.9071025721903586e-7
2.949080451829729e-7
2.985685219280641e-7
3.0431538950166724e-7
3.064434257802128e-7
3.0811215659435493e-7
3.101944445866775e-7
3.1066513940318716e-7
3.105841300501052e-7
3.092605127297946e-7
3.0817020079190505e-7
3.052020811336653e-7
3.012832114653597e-7
2.9654593570989584e-7
2.8821765035429776e-7
2.8205316542805584e-7
2.7554211945143267e-7
2.653422267487825e-7
2.548582545250154e-7
2.443096724473193e-7
2.3389252473675083e-7
2.237861367356723e-7
2.1414213065634567e-7
2.0218632639381947e-7
1.9137829789913116e-7
1.817409739317431e-7
1.732374911384613e-7
1.6410610165366694e-7
1.5647863643986533e-7
1.5011206455293764e-7
1.447004213078739e-7
1.3902603318477527e-7
1.3466910518217406e-7
1.2873994368897012e-7
1.2354911222594426e-7
1.171408339951479e-7
1.0928904626197574e-7
1.0214035537460392e-7
9.30497896884244e-8
8.548434567378283e-8
7.7917375579677e-8
7.099118329376511e-8
6.572092782343884e-8
1.706268597739036e-7
1.553128912783941e-7
1.4536174822916205e-7
1.4162813265320725e-7
1.4131257456484694e-7
1.4351636224114132e-7
1.47502999457046e-7
1.5251918768467294e-7
1.5795025474484515e-7
1.633975563755571e-7
1.6865707004658034e-7
1.736548825111403e-7
1.7838256705314148e-7
1.828514510133662e-7
1.870684392338712e-7
1.910284311773041e-7
1.9471649052526973e-7
1.981139260261731e-7
2.012044118598012e-7
2.039781872643893e-7
2.0857774470636097e-7
2.1042265883800882e-7
2.1198494972367398e-7
2.1433222804804823e-7
2.1514981890251204e-7
2.1613759404800385e-7
2.1632247858494098e-7
2.1613127052297822e-7
2.1521366375807236e-7
2.136318511477006e-7
2.1145702898830008e-7
2.0726177830726619e-7
2.03962686984018e-7
2.0034748583788414e-7
1.944621231043493e-7
1.881657382494479e-7
1.815986188207575e-7
1.7489549413020376e-7
1.6818870270633053e-7
1.6159831852496188e-7
1.5315392309474488e-7
1.452319963418908e-7
1.3790862208036477e-7
1.3122200800840935e-7
1.237909073198086e-7
1.1739075409556125e-7
1.119571215776677e-7
1.0735884403626004e-7
1.0271507520081579e-7
9.939255201161065e-8
9.530654971954242e-8
9.209698552286696e-8
8.841381445513079e-8
8.400632353538635e-8
7.987759988570466e-8
7.425528061630735e-8
6.910671953578738e-8
6.337881732768682e-8
5.7464186144258854e-8
5.238303053168499e-8
1.5448346033087436e-7
1.3140594027499428e-7
1.1453710179903303e-7
1.0492063021667883e-7
9.973172026615279e-8
9.757575182737936e-8
9.746540865154507e-8
9.861261143975919e-8
1.0044352364892897e-7
1.0259328856869804e-7
1.048606470502612e-7
1.0714952181006557e-7
1.0941880340861041e-7
1.1164857346251023e-7
1.1382224125121165e-7
1.1592025609769001e-7
1.1792047164056176e-7
1.1980120374380798e-7
1.2154443741110624e-7
1.2313792025365392e-7
1.2585806222280093e-7
1.2698908373955292e-7
1.279760046195368e-7
1.2955041999790037e-7
1.301531209814805e-7
1.310181079244274e-7
1.3145274289340702e-7
1.3151476829774429e-7
1.3133977061459008e-7
1.3078671092396392e-7
1.2988893496092958e-7
1.2798560542258298e-7
1.2640699486122721e-7
1.2462447660152346e-7
1.2163412642288395e-7
1.1833637668516872e-7
1.1480373563245824e-7
1.1110958696985269e-7
1.0732948292986138e-7
1.0353461817849885e-7
9.855236477353896e-8
9.374790825819144e-8
8.918502287112354e-8
8.490935491501028e-8
8.002453655910672e-8
7.569276329978946e-8
7.191586192905756e-8
6.865262786765522e-8
6.532708723291606e-8
6.297427984796227e-8
6.019697231488686e-8
5.8168896214394524e-8
5.6033406002676644e-8
5.3682340947958405e-8
5.158035986290189e-8
4.872883876151153e-8
4.601904803930216e-8
4.2802839307949106e-8
3.91896022796859e-8
3.5779118686195456e-8
1.4281288924844397e-7
1.1418576767254902e-7
9.265513521513381e-8
7.892002528885178e-8
7.001419207033628e-8
6.43745045000312e-8
6.094607378456285e-8
5.893786921109473e-8
5.779048131383052e-8
5.714759064999491e-8
5.680577086337762e-8
5.6659450265894014e-8
5.665560642751485e-8
5.6763525699169624e-8
5.695850340187155e-8
5.721558474204284e-8
5.7509127438642497e-8
5.781483071566406e-8
5.8112067483966564e-8
5.838542604983778e-8
5.882654963717438e-8
5.898892982943359e-8
5.9114081054861866e-8
5.9264682343956316e-8
5.9295636358663264e-8
5.9276116733533455e-8
5.914713217036137e-8
5.9039333382994874e-8
5.873267431898473e-8
5.8303727141961365e-8
5.7759354122153634e-8
5.675783178160577e-8
5.5990982220394144e-8
5.516122366226355e-8
5.381854955536798e-8
5.237441000543176e-8
5.084379929930365e-8
4.924738408345673e-8
4.761295069712617e-8
4.5970103800874354e-8
4.380857636079651e-8
4.171325319906681e-8
3.97035188994985e-8
3.779404383662738e-8
3.557481212070047e-8
3.357141879273445e-8
3.1796272251515346e-8
3.0237756005308446e-8
2.862162180664622e-8
2.7463620277803485e-8
2.609869561700931e-8
2.512637329450749e-8
2.4149372529076366e-8
2.3142819756808383e-8
2.230124157645846e-8
2.1222739897043907e-8
2.0221218386854108e-8
1.9008515389265177e-8
1.7584582555468547e-8
1.6171673204581888e-8
1.491524022327353e-7
1.2252392661519192e-7
1.0111743643284269e-7
8.672662552352418e-8
7.683078533789273e-8
6.987391482085165e-8
6.484319680127108e-8
6.10443895371943e-8
5.801551391316194e-8
5.5468793807128936e-8
5.323769875104196e-8
5.123153502578526e-8
4.940147814156968e-8
4.7718545508695585e-8
4.616144086140059e-8
4.471124910250636e-8
4.335012632729266e-8
4.206181260056179e-8
4.083257916550066e-8
3.965188991629955e-8
3.7410251283542134e-8
3.6343069935427256e-8
3.531047189505506e-8
3.334981779604626e-8
3.2421941166211775e-8
3.0667982481299964e-8
2.9039689440609603e-8
2.8267799298549088e-8
2.6798783801428952e-8
2.5419281211191454e-8
2.4121615295887302e-8
2.232164461989667e-8
2.121717601359108e-8
2.018639416572138e-8
1.876857105340911e-8
1.748691232591836e-8
1.6321683759222495e-8
1.5258561231463754e-8
1.4289391803124856e-8
1.3409213832389789e-8
1.2364417241103695e-8
1.1448994992001106e-8
1.064025579249153e-8
9.919147184992154e-9
9.123876328458811e-9
8.435436117854304e-9
7.841006186223066e-9
7.322223318781834e-9
6.773784088169834e-9
6.365066556130562e-9
5.857363093535317e-9
5.474456193395623e-9
5.0715648709196054e-9
4.646748435108033e-9
4.2999153624393455e-9
3.890928163476233e-9
3.5571524962600627e-9
3.204374625941927e-9
2.8476087075743343e-9
2.5496852960883264e-9
9.890494259082724e-7
1.3006700423607978e-6
1.5124474734793934e-6
1.6704251631412659e-6
1.788331994236821e-6
1.8735177053080582e-6
1.931070770653224e-6
1.9650519341517777e-6
1.978982704412748e-6
1.976039917002949e-6
1.959121245384181e-6
1.930859093927597e-6
1.8936197608233197e-6
1.8495035078793915e-6
1.800350400724253e-6
1.747751930484692e-6
1.6930667408157975e-6
1.6374386107578106e-6
1.5818152559008854e-6
1.526967035245397e-6
1.4218986928542338e-6
1.3724918586572807e-6
1.325519079302338e-6
1.2393553404546243e-6
1.2002168077376916e-6
1.1295290739245926e-6
1.0681078445713996e-6
1.0404637715044575e-6
9.90394208877391e-7
9.460587539356841e-7
9.060875983915267e-7
8.517910464871171e-7
8.180681483049954e-7
7.855986886672282e-7
7.38470565586749e-7
6.92816352922524e-7
6.487287710124407e-7
6.066450901248441e-7
5.671031730647397e-7
5.305661324108932e-7
4.869910892371465e-7
4.4935228917659406e-7
4.171910422088358e-7
3.8969257297608435e-7
3.604419740783578e-7
3.353027003332103e-7
3.129770447189867e-7
2.926494138034343e-7
2.7034662294424296e-7
2.53370047129307e-7
2.3207229391803087e-7
2.160951947139537e-7
1.9991151514179926e-7
1.84151582070556e-7
1.7224789454089825e-7
1.5889631623468022e-7
1.4846195709381025e-7
1.380438474277886e-7
1.279146832629749e-7
1.1914286637615427e-7
6.185654032917887e-7
7.810161191616547e-7
8.999578382841411e-7
9.988999879753327e-7
1.0829661464779033e-6
1.1542894890052757e-6
1.21396237193935e-6
1.2627347769007058e-6
1.3013208457374502e-6
1.3304945447365376e-6
1.3510850060234936e-6
1.3639392201587523e-6
1.3698856223041443e-6
1.369710372844858e-6
1.3641468948149677e-6
1.3538748474664733e-6
1.3395240550254489e-6
1.3216798717154914e-6
1.3008878456624075e-6
1.2776567634639687e-6
1.2257356281467286e-6
1.1978857163954418e-6
1.1692756210101855e-6
1.1110501024242312e-6
1.0819799663191766e-6
1.0250226734535346e-6
9.70728222344524e-7
9.448791947381009e-7
8.961614072914184e-7
8.516925656878137e-7
8.115729066980716e-7
7.592630902913022e-7
7.291999968785034e-7
7.025018779526659e-7
6.677062373086996e-7
6.377173997726035e-7
6.10960415825804e-7
5.861103945881715e-7
5.621701447270524e-7
5.384883368533403e-7
5.067829645160972e-7
4.749085444577155e-7
4.4335938953535127e-7
4.1290707810969156e-7
3.775807167040885e-7
3.463555145183634e-7
3.19717691173671e-7
2.9748433562770265e-7
2.7567196179975215e-7
2.6051378685427674e-7
2.4219570326899804e-7
2.2800058406352925e-7
2.1233905952486395e-7
1.9535847746263415e-7
1.8155030856952763e-7
1.6574875962117808e-7
1.5373909413689823e-7
1.4231159216001605e-7
1.3162395602307856e-7
1.224043584726915e-7
4.604559450626645e-7
5.4819524419283e-7
6.14287758766931e-7
6.732198874477427e-7
7.267601850806422e-7
7.757027126683556e-7
8.201033436151607e-7
8.597233341949357e-7
8.943776147458817e-7
9.240661253716344e-7
9.489635774299777e-7
9.693552756522267e-7
9.855717888137453e-7
9.979436928939028e-7
1.00677893589831e-6
1.0123572539755402e-6
1.014934284963653e-6
1.0147492447540026e-6
1.012032190257609e-6
1.0070089270253743e-6
9.90935970950835e-7
9.803244890928841e-7
9.682788622634276e-7
9.40677353294904e-7
9.254877676035801e-7
8.931480325727379e-7
8.591311703268646e-7
8.418000220931394e-7
8.070114884557984e-7
7.726385251985053e-7
7.392642555254363e-7
6.92040970990376e-7
6.628982290451425e-7
6.358388693069313e-7
5.992891787868004e-7
5.674853963741078e-7
5.400640183785424e-7
5.164913779206481e-7
4.961436183168217e-7
4.783606293840288e-7
4.5751068195797495e-7
4.386297033121498e-7
4.205522321812942e-7
4.024723678935788e-7
3.7926418500430733e-7
3.553357774672232e-7
3.3116816238876925e-7
3.07521157197418e-7
2.809526499528251e-7
2.6108083031168176e-7
2.374479786922196e-7
2.2110287708581844e-7
2.0590853369023626e-7
1.9213576762816233e-7
1.8184676135894687e-7
1.6952986978641362e-7
1.5873720399783276e-7
1.4671272448832352e-7
1.3410900357266326e-7
1.230583479692383e-7
3.851415185015358e-7
4.327787215240329e-7
4.686524837103242e-7
5.031042862607969e-7
5.359849401250091e-7
5.677566042980776e-7
5.983021506428869e-7
6.271100230359038e-7
6.536689007527508e-7
6.776629963879848e-7
6.989908597128072e-7
7.177034780599158e-7
7.339296299803353e-7
7.478196551310841e-7
7.59514551856425e-7
7.69135713652774e-7
7.767872332034148e-7
7.825634945824202e-7
7.865570785564301e-7
7.888643788716783e-7
7.888373334081254e-7
7.86725044521831e-7
7.83365683149008e-7
7.733526533656576e-7
7.669105860423624e-7
7.516372683116628e-7
7.337469022888164e-7
7.240133729435334e-7
7.033199239914265e-7
6.81423150757774e-7
6.588042611732768e-7
6.244596732994394e-7
6.018187503722667e-7
5.797254786789589e-7
5.480826403822802e-7
5.18673507288002e-7
4.917876764376736e-7
4.6755116665826215e-7
4.4596565349728195e-7
4.26928209740526e-7
4.051622077592231e-7
3.869217572132131e-7
3.7143424626922813e-7
3.579172399737025e-7
3.4271904963334674e-7
3.28357654055862e-7
3.1400506697841876e-7
2.991653709119298e-7
2.80519636938065e-7
2.644915328544523e-7
2.421065161422951e-7
2.2383205656411484e-7
2.0451265801329741e-7
1.8584856471197939e-7
1.727067582798334e-7
1.59708615074355e-7
1.508391686881672e-7
1.4246971528725198e-7
1.3377099393355714e-7
1.2493880013245694e-7
3.4525834804415964e-7
3.697796166306371e-7
3.8727991972795317e-7
4.0613678524985036e-7
4.253827401249302e-7
4.4529951238238273e-7
4.656736487430398e-7
4.858746186040313e-7
5.052584871033066e-7
5.233818784254047e-7
5.400292596072877e-7
5.551514165669298e-7
5.687877996265324e-7
5.810069477287006e-7
5.918731585106622e-7
6.014348920466717e-7
6.097265539153874e-7
6.167760049280632e-7
6.226125264376777e-7
6.272724651588622e-7
6.332553575925654e-7
6.346954701984444e-7
6.351879652399929e-7
6.335947829255426e-7
6.316350776534067e-7
6.256733158817973e-7
6.173183183776062e-7
6.123554489497817e-7
6.010680714953737e-7
5.882369512332621e-7
5.741845996699802e-7
5.514963134383389e-7
5.357136670228647e-7
5.196944566570795e-7
4.956621666485598e-7
4.721034180418814e-7
4.494346446243516e-7
4.279742436827343e-7
4.079585473214086e-7
3.895413689743952e-7
3.6757847305530435e-7
3.485194161748064e-7
3.321341098662491e-7
3.1809555649077295e-7
3.032874788418303e-7
2.908230440944967e-7
2.799388766823002e-7
2.699100747035431e-7
2.581675439725601e-7
2.481598548391957e-7
2.3345799001158745e-7
2.2022905103983544e-7
2.0439476704423495e-7
1.8653662965567852e-7
1.719183311239387e-7
1.5546871120948052e-7
1.4347792905991497e-7
1.3286010081957328e-7
1.240038429195054e-7
1.1721939801918432e-7
3.021629118231828e-7
3.0486863361648865e-7
3.078294818940573e-7
3.149071002295049e-7
3.2367059599428563e-7
3.3461106731195817e-7
3.4753290563221146e-7
3.6156081826429807e-7
3.7576261582579517e-7
3.8948729448355333e-7
4.024112884547068e-7
4.1444593661721426e-7
4.256203591780195e-7
4.3599310898408084e-7
4.4560488684328505e-7
4.5446477581147256e-7
4.625566018142531e-7
4.6985332084041033e-7
4.7633121950644725e-7
4.819797229146984e-7
4.908328021032819e-7
4.940980583741729e-7
4.966464185814666e-7
4.997824061670781e-7
5.004587155245618e-7
5.002113266556224e-7
4.980155996093972e-7
4.962442195974955e-7
4.914604636877067e-7
4.85174913071431e-7
4.775934844238702e-7
4.642812803460826e-7
4.5443216716448644e-7
4.4402932548678017e-7
4.277272703672015e-7
4.109582758055628e-7
3.9406759439858e-7
3.7736576489949937e-7
3.611391955742027e-7
3.456318046157321e-7
3.2637169620025674e-7
3.0892136885525523e-7
2.933239651535326e-7
2.7952793378993777e-7
2.6467484530266663e-7
2.5223899645361595e-7
2.4184643244535895e-7
2.3301781603257233e-7
2.2379019634902082e-7
2.1674384203184146e-7
2.0722332801115558e-7
1.989453378480565e-7
1.887667134557127e-7
1.7630578047314184e-7
1.6493839845348135e-7
1.5042545045366872e-7
1.382808008933873e-7
1.2605650796492192e-7
1.14783545903386e-7
1.0614259821475636e-7
2.8808089094971787e-7
2.8136820758279625e-7
2.7604384963276597e-7
2.758717254123553e-7
2.783608382188675e-7
2.8364865843720265e-7
2.9134336477923896e-7
3.0052406605589155e-7
3.102760653919253e-7
3.199713970080874e-7
3.2929340650193354e-7
3.3814312581974905e-7
3.4652862427899016e-7
3.544835629184424e-7
3.620245273317712e-7
3.6913930906655245e-7
3.757934509536197e-7
3.819438467340948e-7
3.875518915947451e-7
3.9259240804486664e-7
4.0095531017770195e-7
4.043075272059786e-7
4.0714336921816845e-7
4.113947225520907e-7
4.128697731367302e-7
4.1463471712380314e-7
4.149233649198265e-7
4.145430182477656e-7
4.12786344408679e-7
4.0978749496457955e-7
4.0567507548405365e-7
3.9775019015168796e-7
3.9152014742237515e-7
3.8469273484066903e-7
3.735722902562872e-7
3.6166051872999395e-7
3.492145785979743e-7
3.364851447533544e-7
3.237225169299721e-7
3.111561700964981e-7
2.9501684610335263e-7
2.7983271483510385e-7
2.657516384831884e-7
2.528520502746296e-7
2.3846333802181175e-7
2.260235434816455e-7
2.1542678937181805e-7
2.064351085939629e-7
1.9734227250920701e-7
1.9084572285050214e-7
1.8290278000241243e-7
1.7672664941462844e-7
1.6971556048688608e-7
1.614021996483122e-7
1.5365071660852404e-7
1.4309888970420974e-7
1.3339796939969553e-7
1.225268585228618e-7
1.1119443674634968e-7
1.0135706559057438e-7
2.768330118539729e-7
2.6254794208059156e-7
2.511183260347092e-7
2.4577550303804307e-7
2.4380337067974473e-7
2.4508606811204706e-7
2.4907849962926296e-7
2.547980142571745e-7
2.613189612493948e-7
2.6802113374871404e-7
2.745967991137962e-7
2.8095025925463565e-7
2.870863554160577e-7
2.930306896265006e-7
2.987891473354976e-7
3.0433797235163576e-7
3.096314375020656e-7
3.14615957165257e-7
3.1924331865142986e-7
3.234794495162986e-7
3.307290074838595e-7
3.337559651436682e-7
3.364099941101728e-7
3.4069546657544966e-7
3.4237023540487547e-7
3.448603256022904e-7
3.462580672684046e-7
3.4655835337945843e-7
3.463816402607275e-7
3.4521245706101345e-7
3.43131918619552e-7
3.385369075807167e-7
3.346545229767711e-7
3.3023262911848945e-7
3.227549673520158e-7
3.144392714167263e-7
3.0545982865808763e-7
2.960009744355344e-7
2.862618810474555e-7
2.7643533295358187e-7
2.634705055411972e-7
2.509004792126367e-7
2.3889148536073903e-7
2.2756584478565792e-7
2.1453461944098944e-7
2.02897341011603e-7
1.9268860090313278e-7
1.838176582447567e-7
1.7472474576596506e-7
1.6826586351401894e-7
1.6064711959165445e-7
1.551281126800157e-7
1.4939911194063277e-7
1.4320928883898177e-7
1.3777020206980434e-7
1.3048743133376086e-7
1.2359243428195546e-7
1.1535179608976281e-7
1.0596971941382142e-7
9.6976733945012e-8
2.6858659128810054e-7
2.478964970338828e-7
2.3249240789999202e-7
2.2374207374309067e-7
2.1832118261156857e-7
2.164170185348664e-7
2.1761297913269023e-7
2.2085610621171397e-7
2.2510034582860334e-7
2.2964160602365232e-7
2.3414297205964635e-7
2.3851859751543214e-7
2.427992295579017e-7
2.4703487013538307e-7
2.5124539253143704e-7
2.5540892448545665e-7
2.594721443369815e-7
2.6336865151435545e-7
2.6703624403353834e-7
2.7042857071803615e-7
2.763054472373785e-7
2.7879498744176575e-7
2.8100883701028294e-7
2.8470366999797684e-7
2.862256306284283e-7
2.8868073490791696e-7
2.903719372389737e-7
2.909273867153338e-7
2.914474741274734e-7
2.9118790702370356e-7
2.901953622277627e-7
2.8751184961545763e-7
2.85059939496757e-7
2.82168949033333e-7
2.771239435673269e-7
2.71328355972373e-7
2.648764858141644e-7
2.578898761849659e-7
2.5052506012039386e-7
2.4294711246000405e-7
2.3274979184403985e-7
2.2264430128568904e-7
2.127610815209034e-7
2.0320568231503695e-7
1.9190405778721155e-7
1.8152117374234983e-7
1.7217477274235006e-7
1.6385351018898504e-7
1.5511343043075402e-7
1.487872444096786e-7
1.4128100794915013e-7
1.3593574834110328e-7
1.306336601135061e-7
1.2532565374583422e-7
1.210337324370405e-7
1.1569577701829913e-7
1.1083002344902733e-7
1.0494524301394952e-7
9.792771374018843e-8
9.075403438289223e-8
2.781270486158934e-7
2.5836984594920696e-7
2.4285473875231414e-7
2.3336561359829804e-7
2.2676323183848026e-7
2.2343796557027565e-7
2.2308938582948442e-7
2.2471523778292097e-7
2.2729164865908736e-7
2.3013006914075683e-7
2.3291043264170625e-7
2.3556557462851287e-7
2.3814476967240088e-7
2.4071441194048075e-7
2.433075369995622e-7
2.459120173935368e-7
2.4848127578614423e-7
2.509533382129064e-7
2.5326880607747916e-7
2.553830716863152e-7
2.589298177383061e-7
2.6036811769268406e-7
2.616065491740082e-7
2.6357554383946223e-7
2.6434486004970627e-7
2.655069070458945e-7
2.6617362251060387e-7
2.663114868555806e-7
2.6617298992590595e-7
2.6547342447829435e-7
2.642398293275362e-7
2.6152628580693754e-7
2.5924812109797726e-7
2.566640732917786e-7
2.5228861843213356e-7
2.4735998819724964e-7
2.419172505299302e-7
2.3603380190634786e-7
2.2982505006219117e-7
2.2342069751627551e-7
2.1476252828049839e-7
2.061102885995721e-7
1.9754578756627219e-7
1.8914231558343687e-7
1.790236019973259e-7
1.69537935607834e-7
1.6082133044883793e-7
1.5289079807558628e-7
1.4435416028247243e-7
1.3802692433007094e-7
1.303589871964046e-7
1.2482174565094866e-7
1.1934290711473211e-7
1.1401010720058756e-7
1.0992250367589373e-7
1.0521028752041673e-7
1.0123908703723734e-7
9.666286822792607e-8
9.128888969988673e-8
8.57080989382554e-8
