2.9885638656922336e-8
1.0951100906671242e-8
-8.329095558929846e-9
-2.454889573944522e-8
-3.790657614471195e-8
-4.9020409326112396e-8
-5.837593399605722e-8
-6.628667852404102e-8
-7.294548574077487e-8
-7.847517309878719e-8
-8.296319681898869e-8
-8.648223328498998e-8
-8.910119604811553e-8
-9.089041047565101e-8
-9.192343921556971e-8
-9.227708550662391e-8
-9.20304663151509e-8
-9.12636644422357e-8
-9.005624905461987e-8
-8.84858307992053e-8
-8.45489377749425e-8
-8.231702373561581e-8
-7.998962481849116e-8
-7.525022401636141e-8
-7.292224125655259e-8
-6.850940165730127e-8
-6.45598513780104e-8
-6.278964260251007e-8
-5.967735240472495e-8
-5.7116168033710324e-8
-5.504286897235882e-8
-5.264107207469323e-8
-5.1356419339548044e-8
-5.0204290348321895e-8
-4.853501541646614e-8
-4.675098917257731e-8
-4.4743318066744616e-8
-4.250078251562793e-8
-4.008377319599764e-8
-3.759256093494522e-8
-3.434510070899817e-8
-3.138186917048747e-8
-2.883591321682748e-8
-2.6743003998708557e-8
-2.4695000389553897e-8
-2.3111178067506344e-8
-2.179648850290679e-8
-2.0597741960671437e-8
-1.919557049854117e-8
-1.8035083118051524e-8
-1.6468403247082216e-8
-1.5242337284462344e-8
-1.4000332963899638e-8
-1.283070674166532e-8
-1.198226580209941e-8
-1.1048415985200289e-8
-1.0309523043839976e-8
-9.550676832644987e-9
-8.79523423373278e-9
-8.138117108933227e-9
-5.194814169802128e-8
-9.176667224304998e-8
-1.2360975882927633e-7
-1.489261154125089e-7
-1.6928304903834583e-7
-1.8580553510541349e-7
-1.9923417524029242e-7
-2.1006787276660117e-7
-2.186676025634474e-7
-2.2531609303355698e-7
-2.3024864555564024e-7
-2.3366834478028906e-7
-2.3575384524602572e-7
-2.366639941823932e-7
-2.365411833876117e-7
-2.3551410408991565e-7
-2.337000530333778e-7
-2.3120677563830065e-7
-2.2813382981354787e-7
-2.245735013485336e-7
-2.1632646656881761e-7
-2.1179160734645143e-7
-2.0707319374023205e-7
-1.9731996718328312e-7
-1.9238682514747295e-7
-1.8261711258115575e-7
-1.7319138477361776e-7
-1.6866957142185496e-7
-1.6009379549374594e-7
-1.522126933264557e-7
-1.4506775232166226e-7
-1.3572286110087297e-7
-1.3035273632905268e-7
-1.25597475929368e-7
-1.1944345983323154e-7
-1.1420435287277709e-7
-1.0959248143323427e-7
-1.0535264094215416e-7
-1.0128142686191576e-7
-9.72364223296899e-8
-9.175234096998894e-8
-8.613498774466051e-8
-8.04703320604942e-8
-7.491662365163537e-8
-6.839633379149373e-8
-6.260069300352387e-8
-5.767378778628508e-8
-5.361301195880286e-8
-4.971401619124958e-8
-4.7064218577155876e-8
-4.3898441245907745e-8
-4.142440135590971e-8
-3.863047998476411e-8
-3.552074067403335e-8
-3.295480217111567e-8
-3.0020792863352666e-8
-2.7823297381555384e-8
-2.5773180994284086e-8
-2.387885351520043e-8
-2.2233050670424104e-8
-4.4510855328520535e-8
-6.616507338066441e-8
-8.195294339789702e-8
-9.403816699179083e-8
-1.0367274674571747e-7
-1.116480824595794e-7
-1.1838058701332162e-7
-1.2407728385398468e-7
-1.2885403281216595e-7
-1.3279547697492145e-7
-1.3597774338955625e-7
-1.384732988639885e-7
-1.4034968408675044e-7
-1.4166765234165024e-7
-1.4248055384213502e-7
-1.4283503519228774e-7
-1.4277250177581645e-7
-1.4233074694166464e-7
-1.4154533293779788e-7
-1.4045052702330886e-7
-1.3746575944607904e-7
-1.3564027907210293e-7
-1.3363389899224623e-7
-1.2919279488316526e-7
-1.2681057213210934e-7
-1.218388124868318e-7
-1.1672190240757527e-7
-1.1415129375718584e-7
-1.0905595424623197e-7
-1.0409870014325489e-7
-9.935394749530871e-8
-9.275177171238598e-8
-8.874266339740763e-8
-8.506581936562224e-8
-8.017120925386053e-8
-7.597983152921805e-8
-7.241281030212601e-8
-6.937148882404433e-8
-6.674935777269986e-8
-6.444005018946966e-8
-6.167556568973268e-8
-5.908453944354858e-8
-5.651398869963506e-8
-5.3873998888711616e-8
-5.0439557676393245e-8
-4.691091789986178e-8
-4.341172630733844e-8
-4.0083668005931345e-8
-3.6485109546033493e-8
-3.390502239909347e-8
-3.0970980352304574e-8
-2.9020154184276336e-8
-2.7227791182309787e-8
-2.5540288777568376e-8
-2.4176572248036146e-8
-2.2421389653705225e-8
-2.084324425553817e-8
-1.912737385878107e-8
-1.7429557131583828e-8
-1.603729546506125e-8
-2.861267288011171e-8
-3.416560358396329e-8
-3.638479822850474e-8
-3.730381569524346e-8
-3.768779343236907e-8
-3.791446791694453e-8
-3.812561372655332e-8
-3.834743875190258e-8
-3.8565267900553046e-8
-3.8758791172537686e-8
-3.8913836201511065e-8
-3.902330539158642e-8
-3.908462601487055e-8
-3.909711706692064e-8
-3.906038416237116e-8
-3.897376045310246e-8
-3.8836427775927534e-8
-3.8647823400301e-8
-3.840804773181096e-8
-3.811812262536156e-8
-3.739675489933407e-8
-3.6971796711284346e-8
-3.650920116203276e-8
-3.54879131741672e-8
-3.493745383936857e-8
-3.377587506549973e-8
-3.255568954011981e-8
-3.1931124588583055e-8
-3.066661956611922e-8
-2.9398387308314868e-8
-2.8145143774950094e-8
-2.6329349180001052e-8
-2.5181074408955183e-8
-2.4094048581112005e-8
-2.259104811374128e-8
-2.124839915648706e-8
-2.0065219537105023e-8
-1.9034141663863663e-8
-1.8143519895588306e-8
-1.7378361793065915e-8
-1.6522243007282133e-8
-1.5810254231854797e-8
-1.5194853074906675e-8
-1.4633793001894483e-8
-1.3959244098828358e-8
-1.3275548391768009e-8
-1.2562115075083704e-8
-1.1817327415663515e-8
-1.0902491988449202e-8
-1.0151636378247968e-8
-9.172709771844093e-9
-8.439583139650963e-9
-7.730907933296746e-9
-7.1076709979429135e-9
-6.696145110869368e-9
-6.285704562527895e-9
-5.968792474982184e-9
-5.609605579062999e-9
-5.186041130342588e-9
-4.758636940935472e-9
-1.9600539158725865e-8
-1.815493222325003e-8
-1.558001763610776e-8
-1.322313556167778e-8
-1.1306218160145322e-8
-9.82830144645576e-9
-8.715859421213748e-9
-7.881749593256844e-9
-7.250075027728594e-9
-6.763219527223675e-9
-6.380560454517125e-9
-6.074370671256127e-9
-5.8256375071704364e-9
-5.62083569512826e-9
-5.449811775406611e-9
-5.304567835428681e-9
-5.178641303445468e-9
-5.0668147497543436e-9
-4.964969092810485e-9
-4.869972018044172e-9
-4.692158107743609e-9
-4.6067852647375665e-9
-4.5228316589432695e-9
-4.357953423746806e-9
-4.276707382747063e-9
-4.11606284992162e-9
-3.957186396343646e-9
-3.8781742989610175e-9
-3.72075637472889e-9
-3.5643188706361524e-9
-3.4096828954939413e-9
-3.1840213625335175e-9
-3.0398334942225265e-9
-2.9019698839986245e-9
-2.7084429963884686e-9
-2.5315338734232062e-9
-2.371230553840205e-9
-2.2273506560732117e-9
-2.0997514383253614e-9
-1.9880941153614644e-9
-1.8624516155128265e-9
-1.7598818250461557e-9
-1.6755675992488268e-9
-1.6047927191777931e-9
-1.5295438988757826e-9
-1.463565709817307e-9
-1.4018709420441303e-9
-1.3401453813520803e-9
-1.2621892659073562e-9
-1.1934619589583815e-9
-1.0946031310038244e-9
-1.0115393909309607e-9
-9.20991177500298e-10
-8.302399515175455e-10
-7.64919124912976e-10
-7.013627326926004e-10
-6.604899295075207e-10
-6.244379360025339e-10
-5.890305495380999e-10
-5.541329121892558e-10
-1.9606642042344292e-8
-1.6210006707641393e-8
-1.2471320623997209e-8
-9.512717719215935e-9
-7.3119116649505264e-9
-5.696797215017382e-9
-4.5056349478899104e-9
-3.6143399234687122e-9
-2.934607768174781e-9
-2.4058274016424897e-9
-1.9870110516032742e-9
-1.6503800971397756e-9
-1.3767713898681222e-9
-1.1525611133272937e-9
-9.677060845378658e-10
-8.145428138494751e-10
-6.870666692384669e-10
-5.804966479706643e-10
-4.910001085161478e-10
-4.1550263780798853e-10
-2.9715042501661835e-10
-2.507467469282548e-10
-2.1105445445947653e-10
-1.4779355844337978e-10
-1.226131437344416e-10
-8.194389045573371e-11
-5.083863327099916e-11
-3.785258759530091e-11
-1.5472859227121086e-11
3.5758268097727713e-12
2.0439122957663333e-11
4.288387727186563e-11
5.627260626152384e-11
6.847400354988725e-11
8.458342291739561e-11
9.811358705995659e-11
1.0910886176188024e-10
1.1754493357992877e-10
1.2335257527022565e-10
1.2651698136410433e-10
1.2688466191881312e-10
1.2360388973292592e-10
1.1775958552476594e-10
1.1036060980283156e-10
9.999126097217645e-11
8.915743656251064e-11
7.852655328859026e-11
6.878827277428917e-11
5.904402012608921e-11
5.2719372130325646e-11
4.608335667699962e-11
4.1726122357966596e-11
3.757558204791155e-11
3.368622956815313e-11
3.067132240755242e-11
2.6703784399703032e-11
2.2926520492694402e-11
1.878049829430755e-11
1.4707785902134932e-11
1.1142609073709606e-11
-1.5642058445826234e-8
-1.1052594050497642e-8
-7.370902852900801e-9
-4.936348212919073e-9
-3.3737028440919643e-9
-2.3677061792716623e-9
-1.7083964842092378e-9
-1.2640653064759388e-9
-9.54147697902192e-10
-7.299588889990617e-10
-5.621548275075192e-10
-4.3290013142505697e-10
-3.311171381536417e-10
-2.496767698739749e-10
-1.8377615434473137e-10
-1.300198019130178e-10
-8.590458739985533e-11
-4.952865019555549e-11
-1.9420323293980715e-11
5.570195111468155e-12
4.362181342032155e-11
5.7966399371174737e-11
6.984108736403798e-11
8.76430598301323e-11
9.416709706152829e-11
1.036720416633072e-10
1.0974101915744186e-10
1.1188101566212694e-10
1.1496838300159189e-10
1.1702943102517684e-10
1.1850664798334714e-10
1.2011110510119694e-10
1.208995801753506e-10
1.2148813535354542e-10
1.2199131918324514e-10
1.2201850078059736e-10
1.2153162555684666e-10
1.2046917073259982e-10
1.187629908610233e-10
1.1637529153440113e-10
1.1218240105466643e-10
1.0706122114357271e-10
1.0135755429270472e-10
9.539875421951531e-11
8.793756892425682e-11
8.070831113505639e-11
7.390603289820523e-11
6.772003676148212e-11
6.13005296065257e-11
5.6796224387673566e-11
5.15285356128438e-11
4.766787344864696e-11
4.365588329729576e-11
3.9570519228721405e-11
3.634568958038039e-11
3.2524483168782014e-11
2.937462413246855e-11
2.619092827511941e-11
2.3193492349965886e-11
2.0681959459259607e-11
-1.301820867357617e-8
-7.922794087780666e-9
-4.496525650461433e-9
-2.5258753367006573e-9
-1.4252096161302665e-9
-8.151256310960899e-10
-4.763540081046009e-10
-2.862039301915262e-10
-1.7721172113165865e-10
-1.1276401289674416e-10
-7.316700802974082e-11
-4.784282270430658e-11
-3.1045986455429265e-11
-1.9565682113851862e-11
-1.1523638684216831e-11
-5.7599558592476555e-12
-1.5238165069623437e-12
1.6838682518349463e-12
4.195174875411377e-12
6.22613875490863e-12
9.331903835565204e-12
1.0532126301434069e-11
1.153814070774827e-11
1.3032281009628677e-11
1.3550415643779271e-11
1.4218136185679557e-11
1.4530575380180869e-11
1.460288878660674e-11
1.4658640257158482e-11
1.4663712076313875e-11
1.4657711760781734e-11
1.4637730194833187e-11
1.460463624699789e-11
1.4547978186498996e-11
1.4421158244930674e-11
1.4260314784930789e-11
1.4078590629123842e-11
1.3871211239278928e-11
1.3620140110009876e-11
1.3308018900466566e-11
1.27893692517103e-11
1.2177759720093617e-11
1.1517656540008769e-11
1.0846433550203488e-11
1.0019674254051158e-11
9.218967003873237e-12
8.46018569104875e-12
7.768175647298735e-12
7.052433908825108e-12
6.551208643993123e-12
5.960847055484833e-12
5.5237833949381414e-12
5.070209821882049e-12
4.613230588030679e-12
4.253640763660519e-12
3.825024510057082e-12
3.4716074945039363e-12
3.1163604254485283e-12
2.780956214548232e-12
2.49705794592459e-12
-1.0642852736042644e-8
-5.336479163643616e-9
-2.230038175386254e-9
-6.77154123492806e-10
4.51056476152421e-11
3.4554847815363393e-10
4.388000158456591e-10
4.348207782816028e-10
3.8880019932944376e-10
3.2773189046932145e-10
2.64351753105321e-10
2.0434057173909008e-10
1.4997351902500944e-10
1.0192436008022033e-10
6.013334882670145e-11
2.421458283767392e-11
-6.354818934181034e-12
-3.2144932959785325e-11
-5.3727374396760484e-11
-7.164970294579732e-11
-9.849907719759053e-11
-1.0829502710091412e-10
-1.1616507059835028e-10
-1.2731687530527242e-10
-1.3108865158498493e-10
-1.3599176332581784e-10
-1.383552968486782e-10
-1.3887587998949257e-10
-1.390342264685532e-10
-1.3844782517940457e-10
-1.3748301701624896e-10
-1.3578743039339359e-10
-1.3463536095759256e-10
-1.3349699807407065e-10
-1.3178226100031434e-10
-1.2996822355840118e-10
-1.2794376941051684e-10
-1.256098863345275e-10
-1.2289124535266366e-10
-1.1974763389706667e-10
-1.149092684096788e-10
-1.094590353323821e-10
-1.0361631852489019e-10
-9.761241803491129e-11
-9.016102966882002e-11
-8.299636733908673e-11
-7.629446824234808e-11
-7.020302493003339e-11
-6.383643283312439e-11
-5.932054213050178e-11
-5.400329460966147e-11
-5.011579256199428e-11
-4.610058230286741e-11
-4.202015730593051e-11
-3.879896001032316e-11
-3.4999644641062884e-11
-3.188292561012202e-11
-2.8720140023790007e-11
-2.5710832891533635e-11
-2.3177350255519438e-11
-4.821211088867297e-9
9.548239383598503e-10
3.5268174941180316e-9
4.295031301945133e-9
4.228174327177103e-9
3.813461398013824e-9
3.282010828764348e-9
2.738708946453634e-9
2.2280593670073566e-9
1.7665311036787293e-9
1.3580461228014618e-9
1.0011593053794176e-9
6.922631596920609e-10
4.2696949691531835e-10
2.0070058122009385e-10
8.958221177761475e-12
-1.5253391959595073e-10
-2.877432207865108e-10
-4.0027456681152427e-10
-4.933447855697492e-10
-6.320448029642083e-10
-6.822562942541527e-10
-7.222442581814648e-10
-7.776365567963865e-10
-7.955850605489423e-10
-8.171603417102836e-10
-8.250720020198595e-10
-8.255483476569343e-10
-8.220327053714054e-10
-8.149609619385308e-10
-8.062913896774865e-10
-7.925881109489339e-10
-7.836344690584442e-10
-7.749347637210349e-10
-7.621701920128586e-10
-7.492983662471359e-10
-7.357421179681417e-10
-7.209169715549924e-10
-7.043127119771306e-10
-6.856046945238511e-10
-6.573417915670103e-10
-6.259160331804103e-10
-5.925051322334307e-10
-5.583486006277468e-10
-5.160715900108351e-10
-4.754403203481359e-10
-4.3740830604425363e-10
-4.0281491640116543e-10
-3.666260752675032e-10
-3.40919429264022e-10
-3.1059654181778325e-10
-2.884158893377527e-10
-2.655492214514531e-10
-2.4237416305233506e-10
-2.240988611994836e-10
-2.02543333814611e-10
-1.8486754376292963e-10
-1.6692645898276442e-10
-1.498104739577862e-10
-1.3535317306610628e-10
6.355985822315425e-7
8.494569569582846e-7
9.924526392558722e-7
1.0961712054931219e-6
1.1713764754515205e-6
1.2239609948753052e-6
1.2578980496120966e-6
1.2762333732573714e-6
1.281508900196545e-6
1.2759497204551503e-6
1.2615419821772426e-6
1.240062660265154e-6
1.2130910736471114e-6
1.1820158744549379e-6
1.1480428930560807e-6
1.1122052221165994e-6
1.0753752626856126e-6
1.0382779683783078e-6
1.0015045528351415e-6
9.655261254794322e-7
8.973170109316802e-7
8.655442494157258e-7
8.355057134730751e-7
7.808088637410649e-7
7.561231253452471e-7
7.117514867693094e-7
6.7335336118685e-7
6.560892649227101e-7
6.247849432328491e-7
5.969477130983252e-7
5.71677753375362e-7
5.369984022514605e-7
5.15251619413439e-7
4.941972641018926e-7
4.6353836751885796e-7
4.3386730097618764e-7
4.053667956740955e-7
3.7838218817669163e-7
3.532676374732316e-7
3.302862616298594e-7
3.031564688754262e-7
2.7992923595878393e-7
2.6016840161481654e-7
2.432584971870825e-7
2.2515703970556613e-7
2.0944096919001328e-7
1.9536203112639214e-7
1.8249346280953535e-7
1.6840061972633562e-7
1.5773722704270426e-7
1.4446491924024055e-7
1.3457738206215418e-7
1.2459195025949438e-7
1.1485451302581421e-7
1.0746850294244918e-7
9.915173876159439e-8
9.264549501640399e-8
8.616294715013318e-8
7.9880485508191e-8
7.444937622581206e-8
2.734251993826493e-7
3.457641151252997e-7
3.99117838243313e-7
4.4362078115903067e-7
4.812124852574495e-7
5.127137260207846e-7
5.386233985335371e-7
5.593472372150673e-7
5.752866087419392e-7
5.868608603864707e-7
5.945000870711008e-7
5.986298256654197e-7
5.996579256001911e-7
5.979667841107088e-7
5.939105719095709e-7
5.878157896875317e-7
5.799834298399864e-7
5.706914597669046e-7
5.601968882967457e-7
5.487371341912703e-7
5.237775014978921e-7
5.106586087259474e-7
4.97336425483577e-7
4.706386906304807e-7
4.5749612542146357e-7
4.32078243767932e-7
4.082439263613416e-7
3.9703075283246507e-7
3.761339208359611e-7
3.5733242074127895e-7
3.4059325719815824e-7
3.190692587201781e-7
3.068263874619705e-7
2.959962886172388e-7
2.818535389987471e-7
2.695080746546324e-7
2.582413355415765e-7
2.474926611336018e-7
2.3688247466957202e-7
2.262072342691371e-7
2.1179925140779466e-7
1.9737214501758345e-7
1.8330087747445162e-7
1.7000936347441579e-7
1.5502627965231837e-7
1.422135253791335e-7
1.3159930069936195e-7
1.2291020040874405e-7
1.1440191030115068e-7
1.0836625628156668e-7
1.0078041737802397e-7
9.466684320732923e-8
8.780537235582794e-8
8.042737651904002e-8
7.458422486661733e-8
6.811384751363344e-8
6.33219194734105e-8
5.878581509665963e-8
5.446977445417799e-8
5.064793597916644e-8
1.1708476160734881e-7
1.184944369158965e-7
1.1873112155707161e-7
1.211555881335538e-7
1.2497894509372513e-7
1.294505294625317e-7
1.3401825451723008e-7
1.3830822369126392e-7
1.4209545714399573e-7
1.4526780895895008e-7
1.477893044489265e-7
1.4966930103595694e-7
1.5094028314926118e-7
1.5164402665992847e-7
1.5182429976687734e-7
1.515238918037415e-7
1.5078404731430425e-7
1.4964491783274967e-7
1.4814618409381548e-7
1.4632743396792937e-7
1.4188753384793957e-7
1.3934375069250772e-7
1.3663362150958596e-7
1.3085125888191606e-7
1.278412856853765e-7
1.2171899197537824e-7
1.1560898846918105e-7
1.1260499925329016e-7
1.0677247030344521e-7
1.01249476674955e-7
9.610327316979863e-8
8.917881955978058e-8
8.51165332954786e-8
8.149259953672459e-8
7.682925230954357e-8
7.298687270812455e-8
6.9818566583373e-8
6.71666684714925e-8
6.487738880853037e-8
6.281023072122656e-8
6.019404957860239e-8
5.754320122627663e-8
5.472991315552029e-8
5.1717663246154e-8
4.774162545658881e-8
4.371437304023246e-8
3.986810855668859e-8
3.6404404464288606e-8
3.292940407675226e-8
3.064483374950038e-8
2.828330100408081e-8
2.6834471185752686e-8
2.5500361083742147e-8
2.4074682549400327e-8
2.2721109093312158e-8
2.0802386861305966e-8
1.9058187704067e-8
1.7263296162089177e-8
1.566169113550118e-8
1.4498883392030163e-8
5.243598705310737e-8
2.6812888320892503e-8
5.266053011633111e-9
-1.0867907683862713e-8
-2.304370382989928e-8
-3.2550826998437885e-8
-4.023159078768603e-8
-4.660033024222158e-8
-5.1973935166639884e-8
-5.6557763489129396e-8
-6.049412810661643e-8
-6.388772714487184e-8
-6.681870513551591e-8
-6.934969095253207e-8
-7.153010722129179e-8
-7.33992576338294e-8
-7.498877918095211e-8
-7.632463950589066e-8
-7.742872008060882e-8
-7.832000585382165e-8
-7.953037809680284e-8
-7.987909930136731e-8
-8.0074805932098e-8
-8.005558772538856e-8
-7.986280107719382e-8
-7.916058338464655e-8
-7.809495735129474e-8
-7.744596404402887e-8
-7.595228419382569e-8
-7.424298118713093e-8
-7.236876833898244e-8
-6.934905915676909e-8
-6.725684285104784e-8
-6.51428236058556e-8
-6.199493088200328e-8
-5.894491084619068e-8
-5.605240522733523e-8
-5.3359278392485955e-8
-5.0892250642558655e-8
-4.8664652757841855e-8
-4.606780560407237e-8
-4.3873459530176585e-8
-4.203341190077833e-8
-4.048490381161149e-8
-3.8853350522299504e-8
-3.743263084291391e-8
-3.609772065470961e-8
-3.474676626632784e-8
-3.3011160867487544e-8
-3.144002555394052e-8
-2.9082275165797885e-8
-2.6999511695694623e-8
-2.4636887738598785e-8
-2.2203313432151294e-8
-2.041997758624785e-8
-1.8659326496644868e-8
-1.754472236785771e-8
-1.6639828156997928e-8
-1.582503050479211e-8
-1.49947596458147e-8
3.092331606363221e-8
3.185339843685484e-9
-1.8662851921440793e-8
-3.474445730802324e-8
-4.685539793286165e-8
-5.641504583215331e-8
-6.428717248769543e-8
-7.095996068169481e-8
-7.671281808166357e-8
-8.171837218901869e-8
-8.609512693952174e-8
-8.993179849918007e-8
-9.329786696792515e-8
-9.624841412226207e-8
-9.882703607699519e-8
-1.0106826077142781e-7
-1.0299979834147011e-7
-1.0464455292612748e-7
-1.0602226160914025e-7
-1.0715068968160037e-7
-1.0872513847697888e-7
-1.0920203486367981e-7
-1.0949156056396388e-7
-1.0956283189618641e-7
-1.093697904286803e-7
-1.0858346067411142e-7
-1.0733137525089593e-7
-1.0655402002257149e-7
-1.0473970972202973e-7
-1.0263312569842597e-7
-1.0029536683610908e-7
-9.647844486753953e-8
-9.380083905393017e-8
-9.106844893721352e-8
-8.694785392076301e-8
-8.289121794186962e-8
-7.897859594968246e-8
-7.52701860296801e-8
-7.18088345894999e-8
-6.862136064724671e-8
-6.481625872678822e-8
-6.151171092369774e-8
-5.867182219483595e-8
-5.624225299176122e-8
-5.3683735079289256e-8
-5.1529769898571105e-8
-4.964296823091668e-8
-4.789565862507761e-8
-4.58366393002101e-8
-4.406921475569939e-8
-4.1450931170655374e-8
-3.907727911001255e-8
-3.622612174192215e-8
-3.301254204125984e-8
-3.039064874161418e-8
-2.7455892799963267e-8
-2.5337100450559095e-8
-2.349024961644178e-8
-2.1978914681734187e-8
-2.0827968670586005e-8
1.1775128769082168e-8
-1.3235348616274593e-8
-2.9878814213747156e-8
-4.022045786599765e-8
-4.669221067607797e-8
-5.103998391119197e-8
-5.4216289825586176e-8
-5.668056208215765e-8
-5.865114731455573e-8
-6.024611563785243e-8
-6.154554023794139e-8
-6.261267453914916e-8
-6.349832525864993e-8
-6.42407874571409e-8
-6.486621705425257e-8
-6.539048661646226e-8
-6.582203328069816e-8
-6.616487753613277e-8
-6.642117675016418e-8
-6.659299743581737e-8
-6.66960571594675e-8
-6.663638252389415e-8
-6.650979633079763e-8
-6.607797806010102e-8
-6.57826568557717e-8
-6.50528135834178e-8
-6.415603568979419e-8
-6.365052089837264e-8
-6.25351236929804e-8
-6.129505716613055e-8
-5.995040827546774e-8
-5.778638681467217e-8
-5.627799768491384e-8
-5.473988801442377e-8
-5.2410995852359666e-8
-5.009224922383887e-8
-4.7816742088394904e-8
-4.5613956901781325e-8
-4.351086365306497e-8
-4.152980754091178e-8
-3.910322029603841e-8
-3.6933484658290296e-8
-3.501520261522674e-8
-3.333328166813486e-8
-3.1534655028909383e-8
-3.00328835295253e-8
-2.8773182493702997e-8
-2.7691340357067012e-8
-2.6539277858101014e-8
-2.5640614902926045e-8
-2.4403018197366094e-8
-2.3316145936819106e-8
-2.1985536922891534e-8
-2.0386778798037585e-8
-1.8966963677019877e-8
-1.7213308271276164e-8
-1.5799800208969555e-8
-1.4429608511282252e-8
-1.3215441531186371e-8
-1.2315431597279132e-8
1.2498797977705884e-8
-5.344060825021411e-9
-1.5456885294084595e-8
-2.045600488630771e-8
-2.2674233068498032e-8
-2.354814706454275e-8
-2.3811485779457386e-8
-2.3799899604893454e-8
-2.365827663505019e-8
-2.3451166254048374e-8
-2.3212456584206584e-8
-2.2963937152054573e-8
-2.2720591420529016e-8
-2.249161816973707e-8
-2.228091357945909e-8
-2.2088068434585074e-8
-2.1909813370690085e-8
-2.1741536969710798e-8
-2.1578550491392264e-8
-2.1416930401065515e-8
-2.1087957962905704e-8
-2.0918486596739177e-8
-2.074561350033687e-8
-2.039147464971233e-8
-2.0211037884264185e-8
-1.9843885666356216e-8
-1.9466294761627877e-8
-1.9272359417072248e-8
-1.8871992230892376e-8
-1.845373460780019e-8
-1.801870008011466e-8
-1.734263354840727e-8
-1.6882841721900044e-8
-1.6420423558757837e-8
-1.5727601213263003e-8
-1.504039121369571e-8
-1.436295486968041e-8
-1.3700848182172674e-8
-1.3061352313811392e-8
-1.2451841107579307e-8
-1.1694948460665886e-8
-1.1006361486996248e-8
-1.0385110469701281e-8
-9.82833647296219e-9
-9.219991201834094e-9
-8.705289879311883e-9
-8.275281107237443e-9
-7.914664165347502e-9
-7.54906903485237e-9
-7.2833374496217566e-9
-6.949499464493209e-9
-6.681812684993159e-9
-6.369829343148864e-9
-5.994368965936647e-9
-5.647894605278147e-9
-5.193661403215162e-9
-4.797648189373478e-9
-4.3771091400650035e-9
-3.965143756289125e-9
-3.6337399325907506e-9
1.2296715328999537e-8
-5.434717355325711e-10
-6.622267003346551e-9
-8.788363762014585e-9
-9.130647580217594e-9
-8.72903406258917e-9
-8.087124274252428e-9
-7.419274937569522e-9
-6.805414183077807e-9
-6.267873729097831e-9
-5.8068271007978105e-9
-5.415243753781319e-9
-5.0844705617957706e-9
-4.8059664324416855e-9
-4.571712323368532e-9
-4.3743040639482364e-9
-4.207037163400115e-9
-4.0640163976598964e-9
-3.940246062617176e-9
-3.831660731353012e-9
-3.6481164196942755e-9
-3.5690024487852575e-9
-3.4964590284220063e-9
-3.367474343370488e-9
-3.3096481101007854e-9
-3.2043975631852712e-9
-3.1094381076144575e-9
-3.0645889451793925e-9
-2.978147044181451e-9
-2.894203901183934e-9
-2.8115639133133654e-9
-2.689569725160155e-9
-2.609894792580004e-9
-2.5318278417535954e-9
-2.417753795446267e-9
-2.3067600373229658e-9
-2.1982580200695205e-9
-2.0923511729964913e-9
-1.9898975645823926e-9
-1.8920438814274126e-9
-1.7701845381194532e-9
-1.65866411273428e-9
-1.55697059941582e-9
-1.4645459728573526e-9
-1.3620633355566485e-9
-1.2744577506916002e-9
-1.2010481887347903e-9
-1.139636533889554e-9
-1.078075957274864e-9
-1.0346464415453998e-9
-9.83532578440453e-10
-9.463306885107247e-10
-9.064225362964731e-10
-8.605095585913245e-10
-8.1856762478385e-10
-7.629501520605792e-10
-7.121603392317129e-10
-6.53849627324667e-10
-5.916742689412752e-10
-5.38124142561231e-10
1.2537865595544813e-8
3.677668341663009e-9
2.0720403627428208e-10
-4.987801139107188e-10
-1.4351943657265744e-10
5.126506875343656e-10
1.1626659891003379e-9
1.7010248102176102e-9
2.1074170715129734e-9
2.3941056454240108e-9
2.5828688099289175e-9
2.6955848645674478e-9
2.7509745635885172e-9
2.763974304211985e-9
2.746105927213769e-9
2.7061200304374686e-9
2.6506223776109874e-9
2.5845904808079993e-9
2.511770425238791e-9
2.434973112221012e-9
2.277281820739828e-9
2.1990594055276893e-9
2.122428272254403e-9
1.9759725582169295e-9
1.906747666841193e-9
1.776975337221275e-9
1.6588796829323637e-9
1.6040991644122447e-9
1.5026358769812219e-9
1.4112275373072677e-9
1.3288868763217879e-9
1.2201560601228147e-9
1.1561149964670156e-9
1.0978234867389751e-9
1.0195775812917493e-9
9.505680267007989e-10
8.891576096095249e-10
8.340126648366945e-10
7.840329122482862e-10
7.383301610117161e-10
6.828975034520456e-10
6.327748870052285e-10
5.872855591847995e-10
5.459864637710217e-10
4.997368399362134e-10
4.589362867408113e-10
4.231129925740052e-10
3.918294033840447e-10
3.5957961594763585e-10
3.364309695003003e-10
3.085586238732279e-10
2.8804673791637175e-10
2.673172893678004e-10
2.470088658076474e-10
2.3146162201308764e-10
2.1379779761741217e-10
2.0014909883346148e-10
1.8707899998251974e-10
1.7485834874353824e-10
1.6429297412927482e-10
2.3963649183988383e-8
2.1625586373439328e-8
2.140597324944927e-8
2.2076878053466037e-8
2.277452761182759e-8
2.321505911387708e-8
2.3351663279559632e-8
2.3219487651884094e-8
2.2875498099107432e-8
2.2376213473621506e-8
2.1770175738566115e-8
2.109620558674983e-8
2.0383929642699225e-8
1.9655138334493192e-8
1.8925347009422802e-8
1.820527425931633e-8
1.7502111121000313e-8
1.6820538775688762e-8
1.6163499458972572e-8
1.5532750824569432e-8
1.4353378464015979e-8
1.3805144510294957e-8
1.3284233851242865e-8
1.2321977955846775e-8
1.1878972228063978e-8
1.1064047568066925e-8
1.0336088303270866e-8
1.0001676448635188e-8
9.386003772740643e-9
8.833739967095018e-9
8.33678002348269e-9
7.679755091630801e-9
7.291933664519906e-9
6.938212248304239e-9
6.4618327613314734e-9
6.039144767559517e-9
5.659765856732007e-9
5.315763752734237e-9
5.001286404440845e-9
4.712035752465013e-9
4.360086902668133e-9
4.041373746652315e-9
3.751566767169886e-9
3.487741174466944e-9
3.191886903006684e-9
2.9317577471020777e-9
2.7050565265556508e-9
2.5085253508345313e-9
2.3069748421762088e-9
2.163104071082895e-9
1.9919412132160156e-9
1.8680917590494904e-9
1.7439306370700582e-9
1.6211800093033785e-9
1.5256331465715781e-9
1.4153720908539412e-9
1.3275632033047928e-9
1.2386831066597306e-9
1.1509005766686007e-9
1.0742384779763093e-9
8.03432512781918e-7
1.0664787008131308e-6
1.2426148581288704e-6
1.3717109692469997e-6
1.4666772785555327e-6
1.5343292644306467e-6
1.5792068347222604e-6
1.604814051068753e-6
1.6141230348612593e-6
1.6097805487459127e-6
1.594183455481455e-6
1.5695001351867669e-6
1.5376742885065825e-6
1.5004268979299671e-6
1.4592617945988106e-6
1.4154755642646401e-6
1.3701707596477125e-6
1.3242710390368574e-6
1.2785370806108098e-6
1.233582500035966e-6
1.1478228976892021e-6
1.1076459157858086e-6
1.0695319630211607e-6
9.99817121000723e-7
9.682281512469224e-7
9.112782029029679e-7
8.618671225044178e-7
8.396356258293159e-7
7.993488519662206e-7
7.636140269225784e-7
7.313091436273409e-7
6.872512471055406e-7
6.59786374773476e-7
6.332878097720824e-7
5.947837105830996e-7
5.575065246918382e-7
5.215912444141712e-7
4.874228465660761e-7
4.5544005366646626e-7
4.2599968643608173e-7
3.9102422689876474e-7
3.609110575957245e-7
3.352170516161991e-7
3.1323594744663876e-7
2.8979307767720924e-7
2.6956542706318636e-7
2.5154379301468367e-7
2.3511451888276881e-7
2.1710671367383584e-7
2.0343345639142407e-7
1.863323948812572e-7
1.7353606581606844e-7
1.605862889431838e-7
1.4796625101279795e-7
1.3841813243278004e-7
1.2769379048933936e-7
1.1931087475980229e-7
1.1094863544732011e-7
1.0282822788989732e-7
9.579992708646655e-8
4.3555063757003945e-7
5.608578742837421e-7
6.518662083259487e-7
7.259962540687453e-7
7.878693352992452e-7
8.396557349034672e-7
8.82528271669761e-7
9.172526541304523e-7
9.444716288591315e-7
9.64814723355207e-7
9.7891994415795e-7
9.874216453802089e-7
9.909325555124096e-7
9.900310193417998e-7
9.852555162249985e-7
9.771047409094362e-7
9.66040643943988e-7
9.524922528000787e-7
9.36858921370232e-7
9.195124328887156e-7
8.810340144707006e-7
8.605122733895771e-7
8.394968672816729e-7
7.969031866324148e-7
7.757155784190242e-7
7.343395923931128e-7
6.950590012255248e-7
6.764119475221828e-7
6.413621401106716e-7
6.09476879636028e-7
5.807970824213235e-7
5.435179497118458e-7
5.221399888148811e-7
5.031687039799865e-7
4.784275830368536e-7
4.570385010480944e-7
4.3785404297332436e-7
4.199267521568894e-7
4.0256053455372476e-7
3.853182615990631e-7
3.6220071726627127e-7
3.3899485077564396e-7
3.1611621733419197e-7
2.941509787976058e-7
2.6884011874230105e-7
2.466296616910698e-7
2.2779537205318905e-7
2.121303039134144e-7
1.967560425401406e-7
1.8601872710982614e-7
1.729314103975779e-7
1.6270690212163194e-7
1.5139293178703593e-7
1.3915996680243483e-7
1.2927463341763083e-7
1.1804028706426048e-7
1.0954265759596713e-7
1.0145959443734257e-7
9.386999213993525e-8
8.728897990448863e-8
2.7164734874887855e-7
3.280000511554558e-7
3.7185898352093216e-7
4.108638624031029e-7
4.4585999427965124e-7
4.773863671581559e-7
5.056086019605673e-7
5.305133445850838e-7
5.520961190067646e-7
5.70437750732812e-7
5.857021472704224e-7
5.981030669416555e-7
6.078696953708354e-7
6.152232232808049e-7
6.203659511920299e-7
6.234797638984178e-7
6.247297834508352e-7
6.242697155171906e-7
6.222466551658339e-7
6.188042953518217e-7
6.082264281766701e-7
6.013670873899175e-7
5.936382468487028e-7
5.760680795205132e-7
5.664556523767693e-7
5.460855872951671e-7
5.247709833121303e-7
5.139491342307942e-7
4.922960918756853e-7
4.709874983882151e-7
4.5037647358469457e-7
4.213434424210943e-7
4.035040354470551e-7
3.8699469001596733e-7
3.6478160481320304e-7
3.4553466719367645e-7
3.289965538945471e-7
3.148097599501983e-7
3.025668760271001e-7
2.9184465964078006e-7
2.7920283543977535e-7
2.67648657854449e-7
2.5647973161467874e-7
2.4522924779740105e-7
2.307359536990179e-7
2.1580673170095325e-7
2.0079900237541086e-7
1.8621778424889872e-7
1.6998470696907712e-7
1.5795973432478428e-7
1.4379539320804926e-7
1.340751706380047e-7
1.2505584446297804e-7
1.1681449526736636e-7
1.1055673567428044e-7
1.0294927509761839e-7
9.624688951788653e-8
8.882059966804796e-8
8.11303028428551e-8
7.447556226194828e-8
1.8705409875405397e-7
2.0487817418732085e-7
2.2031536247505148e-7
2.3694866472726681e-7
2.5364696347693105e-7
2.7001792353021045e-7
2.857274215161086e-7
3.0043710116997334e-7
3.1389151583063545e-7
3.2595773558491403e-7
3.36610718004782e-7
3.458957188098007e-7
3.538913510056075e-7
3.606836064895772e-7
3.663521686843383e-7
3.7096616359085265e-7
3.7458548120997744e-7
3.772643689727215e-7
3.790551019266585e-7
3.800106042905779e-7
3.7963714469703537e-7
3.784228635845107e-7
3.7660076165833e-7
3.7135761000633255e-7
3.6804258184798183e-7
3.602673047984607e-7
3.5125092851510525e-7
3.4637445153574733e-7
3.360605408264425e-7
3.252134507598667e-7
3.1406997061302723e-7
2.9725410679634386e-7
2.862318561648297e-7
2.7552283768250796e-7
2.602658952333447e-7
2.461755974820629e-7
2.3337564850676415e-7
2.2190841630301728e-7
2.1175484716590427e-7
2.0284569120310268e-7
1.9270534169214273e-7
1.8422812869576778e-7
1.7701757734014821e-7
1.706811035053232e-7
1.6346168931330107e-7
1.5651912497223702e-7
1.4947774937040685e-7
1.4213811705013765e-7
1.3290826083111959e-7
1.2501496971590047e-7
1.1410232560289428e-7
1.0531654949233837e-7
9.617362134782922e-8
8.750505107501117e-8
8.150273010089623e-8
7.56190562166974e-8
7.157077374990942e-8
6.763938667961941e-8
6.340833034399591e-8
5.904086967506184e-8
1.3786539878278554e-7
1.3215358644752339e-7
1.2852073819827272e-7
1.2903596381591096e-7
1.3191337614568092e-7
1.3625704291092064e-7
1.4143518177618535e-7
1.4694013076520185e-7
1.5240198023519532e-7
1.5758999754197404e-7
1.6238550907710065e-7
1.667439307244577e-7
1.7066077967815976e-7
1.7414794713817116e-7
1.7722046414477724e-7
1.7989119797241437e-7
1.821703261130441e-7
1.840669509693029e-7
1.8559109463232675e-7
1.867551450855253e-7
1.880671046273509e-7
1.8825326848476538e-7
1.8815416689324857e-7
1.8718496722477055e-7
1.8635514929939617e-7
1.8409586712092658e-7
1.8114265214489987e-7
1.7944165615862076e-7
1.7565738363608692e-7
1.7144907114388962e-7
1.6691736266100064e-7
1.5972299972715963e-7
1.5478886522662013e-7
1.4983123236810533e-7
1.4248033520464402e-7
1.353691716712102e-7
1.2861279152386026e-7
1.222946246507334e-7
1.1647216202507391e-7
1.1117755390783137e-7
1.0494704850354091e-7
9.961683295000899e-8
9.508885164888063e-8
9.124009833224804e-8
8.718666952524864e-8
8.374072440491102e-8
8.066065930334079e-8
7.772929379695848e-8
7.417448241809324e-8
7.10684792670276e-8
6.645722972731407e-8
6.232656878159053e-8
5.7466447208673204e-8
5.214162194855481e-8
4.7931467967618504e-8
4.3382398018392313e-8
4.0210584151055834e-8
3.750057235252553e-8
3.5260616018003716e-8
3.34572525332439e-8
9.15568640183649e-8
6.701919553023346e-8
4.889353945963624e-8
3.745242650369743e-8
3.024422342814949e-8
2.576496911742681e-8
2.3059632593387235e-8
2.1491515218484455e-8
2.0639274398415895e-8
2.023356113376638e-8
2.010833184433887e-8
2.016313123070773e-8
2.033607880784227e-8
2.058640611472389e-8
2.088442335148383e-8
2.1206545192520494e-8
2.1533306308981443e-8
2.1848838559966173e-8
2.2140839076420432e-8
2.240051523064325e-8
2.2803415753403685e-8
2.2943124723519674e-8
2.3042186250729718e-8
2.312514596740897e-8
2.3113050712832405e-8
2.2991113281409167e-8
2.2749309543990542e-8
2.258699204304841e-8
2.2186846925509126e-8
2.169737725354209e-8
2.1134377175541325e-8
2.01899255005385e-8
1.9518200964793086e-8
1.8829882875958195e-8
1.779122744180562e-8
1.677088551904672e-8
1.579097023279655e-8
1.4869488274841556e-8
1.4021342903902496e-8
1.3257324768992463e-8
1.2378090889087515e-8
1.1655571124916545e-8
1.1075803049535874e-8
1.06194924130345e-8
1.0191347455005827e-8
9.882020890950418e-9
9.64623608207858e-9
9.438258135425668e-9
9.171063127285363e-9
8.903312387213825e-9
8.434942858403273e-9
7.94350299335985e-9
7.2825339725978895e-9
6.467759672430166e-9
5.772918348440321e-9
4.9985606638850616e-9
4.470392549983791e-9
4.0660415393297115e-9
3.8267801344291475e-9
3.744004946301793e-9
7.61479067180234e-8
4.646193499352452e-8
2.3700579369274505e-8
8.019501074076952e-9
-3.0182229847678976e-9
-1.1145340568349652e-8
-1.740497042645931e-8
-2.2408808529098933e-8
-2.6523337391520132e-8
-2.997867088315241e-8
-3.292759963213799e-8
-3.547671110621762e-8
-3.7702953040663595e-8
-3.96629608827197e-8
-4.139885064417405e-8
-4.294221181669452e-8
-4.431705567141116e-8
-4.554203561076624e-8
-4.663208813535299e-8
-4.7599594397742e-8
-4.9208077089504537e-8
-4.986664654284872e-8
-5.043828787938545e-8
-5.1346638804460794e-8
-5.169452403607784e-8
-5.2201050399642626e-8
-5.2480629710573646e-8
-5.254348631358912e-8
-5.252959937395348e-8
-5.234700046515768e-8
-5.201543198328445e-8
-5.1279290215855096e-8
-5.065437560070837e-8
-4.994032875000112e-8
-4.873232481895394e-8
-4.7396785386919156e-8
-4.5970720461384476e-8
-4.4487480205345106e-8
-4.297702741699892e-8
-4.146553582226614e-8
-3.9485873105757804e-8
-3.7583087439004614e-8
-3.578575291898589e-8
-3.411337530727337e-8
-3.22166605431001e-8
-3.054342787780732e-8
-2.9088318740476415e-8
-2.7833855969680578e-8
-2.6557678015354664e-8
-2.565128125132768e-8
-2.4561557942152642e-8
-2.3737740010737602e-8
-2.2837194082889334e-8
-2.1811822906693276e-8
-2.0872360446041444e-8
-1.9579643429466618e-8
-1.83598860612652e-8
-1.6953777702708617e-8
-1.5434981488588472e-8
-1.4054606056921275e-8
6.731517419092992e-8
3.737764313754695e-8
1.5065571500991242e-8
3.181231770354078e-11
-1.0314293462431777e-8
-1.78580246828129e-8
-2.3687956301565076e-8
-2.8395529275990433e-8
-3.231022549173273e-8
-3.563255172010342e-8
-3.849832729928357e-8
-4.1006525174308444e-8
-4.323080360633218e-8
-4.5225061400643764e-8
-4.702740374630224e-8
-4.8663867846733943e-8
-5.0151981216131026e-8
-5.1503868130311804e-8
-5.272866196156461e-8
-5.383414160180481e-8
-5.571650940992526e-8
-5.650794832238498e-8
-5.7209003653264146e-8
-5.8365597912028097e-8
-5.8832215035201656e-8
-5.956407504683804e-8
-6.0049228800311e-8
-6.02058917417021e-8
-6.035900258183643e-8
-6.031406612184838e-8
-6.009088180290204e-8
-5.946709384836686e-8
-5.888768584917601e-8
-5.819832797771758e-8
-5.699107706160041e-8
-5.561437135991904e-8
-5.4106927289819644e-8
-5.250577370600434e-8
-5.0846719426113515e-8
-4.916259251994673e-8
-4.692538907947077e-8
-4.4742784919605866e-8
-4.265043244091434e-8
-4.067480035934333e-8
-3.8399738963077985e-8
-3.636311141595784e-8
-3.4569995858874335e-8
-3.30080164385729e-8
-3.140736891472011e-8
-3.027192193852567e-8
-2.893048858701855e-8
-2.7953345992788864e-8
-2.6934594746354243e-8
-2.5833103715726228e-8
-2.4862463376396848e-8
-2.3551925216852082e-8
-2.2303632761730775e-8
-2.0812868536175598e-8
-1.911689974001462e-8
-1.7484568977201813e-8
6.313397055918099e-8
3.580604666710173e-8
1.635074220810016e-8
4.114123878959154e-9
-3.5665083843204956e-9
-8.71489514910378e-9
-1.2456790493485848e-8
-1.534999750908959e-8
-1.767124001258333e-8
-1.957678119631024e-8
-2.1173621946895253e-8
-2.2544208778894616e-8
-2.3752321191207298e-8
-2.484405741968384e-8
-2.5849295666935426e-8
-2.6784699675254644e-8
-2.7657650962727483e-8
-2.8470165251526704e-8
-2.9222093993070267e-8
-2.991329204562553e-8
-3.111891048182186e-8
-3.163938957278468e-8
-3.211047848011492e-8
-3.2921565351957945e-8
-3.326877397922055e-8
-3.385851396671143e-8
-3.4316053107091303e-8
-3.4496342097774565e-8
-3.4761310660860163e-8
-3.4902812010807443e-8
-3.492970334792101e-8
-3.4783000528288415e-8
-3.458030663071616e-8
-3.430738157420224e-8
-3.378467583545554e-8
-3.314358222403464e-8
-3.2401013776850584e-8
-3.1576435494118596e-8
-3.0692886215711054e-8
-2.9773875022952223e-8
-2.8527388813390637e-8
-2.728621663866238e-8
-2.6070831810861568e-8
-2.4897378199118615e-8
-2.351466645234885e-8
-2.2251932211157516e-8
-2.1123741216007127e-8
-2.012808483641524e-8
-1.909348562257651e-8
-1.8353035881545917e-8
-1.74843059029213e-8
-1.6870847088556408e-8
-1.6261801428223e-8
-1.564264156046735e-8
-1.512841881719157e-8
-1.4466954504623953e-8
-1.3844365901316177e-8
-1.3076314570530888e-8
-1.2153464234412727e-8
-1.1213635644296013e-8
7.406302959280646e-8
5.433096019259708e-8
4.045899036189635e-8
3.23997414236834e-8
2.791174027243081e-8
2.5243264553614416e-8
2.344340638389557e-8
2.2072534789802808e-8
2.0939482226766537e-8
1.995358304471077e-8
1.905979755737229e-8
1.821727141037452e-8
1.7395421973788556e-8
1.657443941473182e-8
1.5745120617646924e-8
1.490702951017546e-8
1.4065583397687957e-8
1.3228980998106442e-8
1.2405661948357057e-8
1.1602628208166238e-8
1.0074206535592163e-8
9.351864308202013e-9
8.656928658665713e-9
7.343952217065081e-9
6.723447054635491e-9
5.5514610199456705e-9
4.472849053761989e-9
3.969963012863645e-9
3.0395035952766626e-9
2.2096606095351018e-9
1.4760444950585911e-9
5.369311256035108e-10
3.81761452469336e-12
-4.649478179263518e-10
-1.0600046908561016e-9
-1.536135096807271e-9
-1.9034718912675556e-9
-2.175170893497012e-9
-2.3682479420065916e-9
-2.5005932101231055e-9
-2.608085156318912e-9
-2.6574896643440157e-9
-2.6620027596030687e-9
-2.632559182472052e-9
-2.568155548258609e-9
-2.4973991710178853e-9
-2.436785397637531e-9
-2.390194215574505e-9
-2.350402791658212e-9
-2.3312814069579053e-9
-2.331900309356082e-9
-2.357357647716891e-9
-2.4020822741786964e-9
-2.4506954384323527e-9
-2.4827967490072455e-9
-2.506738936709548e-9
-2.4991847187601505e-9
-2.4405613556427715e-9
-2.3184954103766416e-9
-2.1631232587372876e-9
9.016363893838024e-7
1.1903981209774e-6
1.3853273271728735e-6
1.5296678451750598e-6
1.6367734290214405e-6
1.7137271397127393e-6
1.765345476400348e-6
1.7954190198193907e-6
1.8072068168880062e-6
1.803634731546678e-6
1.7873643537547548e-6
1.7608097385369235e-6
1.7261384415516826e-6
1.6852723722853772e-6
1.6398934887617849e-6
1.5914546239410544e-6
1.5411940434083654e-6
1.4901520969994193e-6
1.4391886615669987e-6
1.3890005307312918e-6
1.2930225253147113e-6
1.2479591844782845e-6
1.2051543048135753e-6
1.1267270960549597e-6
1.091138488146954e-6
1.0269092647444232e-6
9.711334555840985e-7
9.460334948417624e-7
9.005624371968824e-7
8.602705183513921e-7
8.239046453793584e-7
7.744251704705534e-7
7.436477324074117e-7
7.139892247581627e-7
6.709215615457681e-7
6.292112231598317e-7
5.889701491557237e-7
5.506106670516112e-7
5.146239589219738e-7
4.814233294916332e-7
4.4188969464205965e-7
4.0778646895530755e-7
3.786631501809152e-7
3.5375657125167696e-7
3.272349717283858e-7
3.04404510473734e-7
2.841026772007476e-7
2.6560833983312204e-7
2.4532518474089907e-7
2.2990156596806138e-7
2.1057615941429923e-7
1.9609355081595916e-7
1.8142918151489322e-7
1.671445333493118e-7
1.563478110132603e-7
1.4423099214955853e-7
1.3476077327288982e-7
1.2530883793613233e-7
1.1612362839129472e-7
1.0817102088446936e-7
5.311473295117675e-7
6.779807313686557e-7
7.844147874559924e-7
8.717985656940596e-7
9.454034524528578e-7
1.0075084272594122e-6
1.0592737033153505e-6
1.1014548949738632e-6
1.1347235104751265e-6
1.1597772253372527e-6
1.1773495069377586e-6
1.1881839942842288e-6
1.1930060935952903e-6
1.1925037698296461e-6
1.1873189436235967e-6
1.1780466671036353e-6
1.1652384436779034e-6
1.1494067622884856e-6
1.1310290450822952e-6
1.1105502286377153e-6
1.0649124621275575e-6
1.0404864271623341e-6
1.0154239686377436e-6
9.64498474586145e-7
9.391086323550601e-7
8.89424752213815e-7
8.421372736900377e-7
8.196489128432952e-7
7.77308201168157e-7
7.387095662453556e-7
7.039258430024238e-7
6.586258711532654e-7
6.326128382702397e-7
6.095177565565916e-7
5.794106204413798e-7
5.534323982852055e-7
5.302077694316863e-7
5.085879159690721e-7
4.877159571478499e-7
4.6704023854281127e-7
4.393441560702578e-7
4.1151648076411584e-7
3.840142916372941e-7
3.5752239251215364e-7
3.2686831078215046e-7
2.998472093110161e-7
2.768476789476956e-7
2.5767621049744755e-7
2.388650265025172e-7
2.257680569219828e-7
2.0988963788492136e-7
1.975470988695285e-7
1.8391434264762978e-7
1.6914902718720388e-7
1.5717081740094728e-7
1.434991836633829e-7
1.3312700295817522e-7
1.2325880379245002e-7
1.1401579891226138e-7
1.060268177169009e-7
3.6837830051992004e-7
4.447849523520602e-7
5.022452134117907e-7
5.525559608909414e-7
5.97600687855703e-7
6.383632286662573e-7
6.751008972163695e-7
7.077438936432166e-7
7.362125688854343e-7
7.605469184500101e-7
7.809120021575505e-7
7.975536452289e-7
8.10749665767748e-7
8.207753939041866e-7
8.27886466405182e-7
8.323148908507701e-7
8.342726878490051e-7
8.339582752589768e-7
8.315624386233932e-7
8.272723469324832e-7
8.137483265564971e-7
8.048770314230068e-7
7.948331774938987e-7
7.718824279807189e-7
7.59278076887219e-7
7.324858682249581e-7
7.043549099726921e-7
6.900395795830145e-7
6.61335978426228e-7
6.330138553802098e-7
6.055498429948194e-7
5.667479701299706e-7
5.428371019100476e-7
5.206601171445958e-7
4.907438448162786e-7
4.6474863950203486e-7
4.423605729050701e-7
4.2312795488878854e-7
4.065275554460647e-7
3.9200929984373823e-7
3.749555177733115e-7
3.5946480023599986e-7
3.445859992945153e-7
3.2966989075695235e-7
3.105006539654556e-7
2.907438387589053e-7
2.70822169773298e-7
2.513765207903873e-7
2.2959575442200475e-7
2.1335700860296948e-7
1.9410551395656964e-7
1.808241345280168e-7
1.6848425339256153e-7
1.5726822747904907e-7
1.4884358584242624e-7
1.3870701434141426e-7
1.298096573766844e-7
1.199161880929426e-7
1.0958875715031962e-7
1.005734282864715e-7
2.8656094688233594e-7
3.2484773312094697e-7
3.5462513908635113e-7
3.829033052195845e-7
4.094511668067861e-7
4.3470014332860806e-7
4.586764951825116e-7
4.810924641293273e-7
5.016351616004079e-7
5.201168909544619e-7
5.364948747896745e-7
5.508296825644821e-7
5.632328768353277e-7
5.73827397189124e-7
5.827261248414177e-7
5.900253434013923e-7
5.958072197630491e-7
6.00145973722374e-7
6.03114095648963e-7
6.047867242472518e-7
6.045691943941275e-7
6.02850769809004e-7
6.001766514256185e-7
5.923060057591507e-7
5.872726815697691e-7
5.753819384235319e-7
5.614981419744483e-7
5.53957972043261e-7
5.379515264795697e-7
5.210431718579982e-7
5.036030890514284e-7
4.77165319572504e-7
4.5976276522638163e-7
4.4280014504537716e-7
4.185382495311326e-7
3.960246295143505e-7
3.754744640586974e-7
3.5697684210505706e-7
3.405252369832184e-7
3.26033179753698e-7
3.094814431483544e-7
2.95618312839601e-7
2.838421114776565e-7
2.7354714557907474e-7
2.6193529153474333e-7
2.509174657588353e-7
2.3986872288199493e-7
2.2842439579051881e-7
2.140444674288052e-7
2.0170079372568466e-7
1.8450636362231277e-7
1.705177371345542e-7
1.5578491493659225e-7
1.4161304729311474e-7
1.3167087124371035e-7
1.218544016501293e-7
1.1514040664882548e-7
1.0876062720343127e-7
1.0207585204134249e-7
9.526567722752591e-8
2.394984534534769e-7
2.55257878381444e-7
2.6807954893399306e-7
2.8251224944245847e-7
2.9723873954517657e-7
3.1224386195040503e-7
3.273363636057177e-7
3.4209481118112216e-7
3.561065540442794e-7
3.69100312236334e-7
3.8095902385010386e-7
3.916751562058291e-7
4.012966625962523e-7
4.0988632358370933e-7
4.174996309460121e-7
4.241778004811787e-7
4.299499619160383e-7
4.3483914375313237e-7
4.3886837788504916e-7
4.4206501338804994e-7
4.461012170717228e-7
4.470251415278012e-7
4.4728155574662513e-7
4.4598042385635383e-7
4.445124750099536e-7
4.401434790683052e-7
4.3409784014319045e-7
4.3052579191373103e-7
4.2243145726237867e-7
4.1326263354559817e-7
4.0324756458794237e-7
3.8711897433566447e-7
3.759229553518637e-7
3.645757765595212e-7
3.4758084854218076e-7
3.3095142756343575e-7
3.1497768881969423e-7
2.9988011917549683e-7
2.858210528016307e-7
2.7290452856313294e-7
2.575274570393009e-7
2.442074127739034e-7
2.327729465420984e-7
2.2298562354811287e-7
2.1266366227439775e-7
2.0396479980753183e-7
1.963469733848552e-7
1.8929919362087824e-7
1.8100965685033373e-7
1.7392170723980682e-7
1.6349504379142957e-7
1.5411942332423921e-7
1.429236506918178e-7
1.3034504110502574e-7
1.2009384224375763e-7
1.0861563756886967e-7
1.0029201104304421e-7
9.295031138192734e-8
8.683145961078601e-8
8.211674286845319e-8
1.9084687654289467e-7
1.854926959542115e-7
1.842277888006862e-7
1.878119865231712e-7
1.9351622522527764e-7
2.0099962968444343e-7
2.0983023275372627e-7
2.1932803844628135e-7
2.2886236981176206e-7
2.3801563570148106e-7
2.4658949517119977e-7
2.545370523779812e-7
2.618857559156494e-7
2.686808946881642e-7
2.74955729698165e-7
2.807228555766985e-7
2.859781855757242e-7
2.907099513750043e-7
2.94907598099149e-7
2.985679642153045e-7
3.0431476350457305e-7
3.064428368247113e-7
3.081116329155962e-7
3.101940636284105e-7
3.106648070076244e-7
3.1058381750654073e-7
3.092601348366792e-7
3.0816977639980947e-7
3.0520157646013234e-7
3.012826780553212e-7
2.9654543338065353e-7
2.8821725409945015e-7
2.820528309317311e-7
2.7554181367207205e-7
2.6534190128663095e-7
2.548578793054261e-7
2.443092756222948e-7
2.3389215750346892e-7
2.2378583086507677e-7
2.1414188000854603e-7
2.0218609667952555e-7
1.9137803741863448e-7
1.8174068381408035e-7
1.7323721138766324e-7
1.641058770300885e-7
1.5647844889234192e-7
1.5011186204084016e-7
1.447001842859601e-7
1.390257950069812e-7
1.3466890471553206e-7
1.2873978567926792e-7
1.2354894305751274e-7
1.1714064087527338e-7
1.0928888709774537e-7
1.0214025122846974e-7
9.304969312408669e-8
8.5484218041182e-8
7.791727082246541e-8
7.099114436298495e-8
6.572085888622709e-8
1.706269566604601e-7
1.553134287454619e-7
1.453620896060707e-7
1.4162837748025587e-7
1.41313003977281e-7
1.4351699105488611e-7
1.4750372415259087e-7
1.5251992501366387e-7
1.5795098129518626e-7
1.63398291991436e-7
1.686578482662402e-7
1.7365572910139903e-7
1.7838349136918463e-7
1.8285244718156517e-7
1.8706949220317343e-7
1.910295235318482e-7
1.947176076491515e-7
1.9811505876670727e-7
2.0120555688517784e-7
2.0397934583298148e-7
2.085789425273842e-7
2.1042388190562671e-7
2.1198619943640128e-7
2.1433352625004338e-7
2.1515113540033324e-7
2.161389316035705e-7
2.1632381939988571e-7
2.161326088609308e-7
2.1521499457685317e-7
2.1363317603472575e-7
2.1145835119332533e-7
2.072630969355638e-7
2.039639979530739e-7
2.0034878211170635e-7
1.9446338496860034e-7
1.8816695790175649e-7
1.8159979719728685e-7
1.748966361956145e-7
1.6818981179705554e-7
1.615993938106049e-7
1.5315494747863316e-7
1.4523296532074546e-7
1.3790953886005204e-7
1.3122288140887125e-7
1.2379173751990403e-7
1.1739154500523922e-7
1.1195787240073057e-7
1.0735955763400174e-7
1.0271575546228197e-7
9.93932136427934e-8
9.530718847511533e-8
9.209760111697147e-8
8.84144028381033e-8
8.400688852029392e-8
7.987814638704379e-8
7.425579282175582e-8
6.910719454971873e-8
6.337925737808337e-8
5.7464594100067316e-8
5.238339777982505e-8
1.5448355763630034e-7
1.3140520485139406e-7
1.1453740481735516e-7
1.0492155764388125e-7
9.973232353511112e-8
9.757596783648698e-8
9.746556518289297e-8
9.8612971668223e-8
1.0044415572052376e-7
1.0259411890279785e-7
1.0486155637633254e-7
1.0715041513733097e-7
1.094196384119776e-7
1.1164935695720854e-7
1.1382300980893459e-7
1.1592105412873735e-7
1.179213347657182e-7
1.1980215023561655e-7
1.215454670795984e-7
1.2313901845945551e-7
1.258592281374531e-7
1.269902511896852e-7
1.2797716022974475e-7
1.2955154255647119e-7
1.3015423459169872e-7
1.3101923238925715e-7
1.31453909389607e-7
1.3151595999892208e-7
1.3134100435900994e-7
1.3078796130260613e-7
1.2989017342191492e-7
1.2798679532791974e-7
1.2640815281172544e-7
1.246256141378671e-7
1.2163525589356382e-7
1.1833750688600782e-7
1.148048516681906e-7
1.1111066498613376e-7
1.0733050790296376e-7
1.0353559161611335e-7
9.855329087903761e-8
9.374880885612511e-8
8.918589847090392e-8
8.491019040207399e-8
8.002530737451995e-8
7.569348118441425e-8
7.191655321663294e-8
6.865330527232373e-8
6.532773675891961e-8
6.297489422326258e-8
6.01975473623047e-8
5.8169461415990455e-8
5.603396709185486e-8
5.368287295180887e-8
5.1580855195813524e-8
4.87293107163565e-8
4.601951167456416e-8
4.2803265874320714e-8
3.91899683146878e-8
3.5779464487197405e-8
1.4281292029867083e-7
1.1418533531902409e-7
9.265522567985754e-8
7.89204238363839e-8
7.001440191471827e-8
6.437449506451908e-8
6.094601973008698e-8
5.8937910361448406e-8
5.779065412588821e-8
5.714785656631022e-8
5.680606713894042e-8
5.665972697652571e-8
5.665584149018521e-8
5.6763723024818276e-8
5.695868266412688e-8
5.7215769801539115e-8
5.750933755655282e-8
5.7815076026017374e-8
5.811234839610945e-8
5.8385735358579105e-8
5.882688070880114e-8
5.898925551166634e-8
5.9114394804885325e-8
5.926496879432113e-8
5.92959138900773e-8
5.927639299410415e-8
5.91474253646193e-8
5.903963786848476e-8
5.873299810819695e-8
5.8304058219601433e-8
5.7759678670983984e-8
5.675813239264187e-8
5.599126826896684e-8
5.516150204039087e-8
5.3818829591739125e-8
5.2374697547747597e-8
5.084408737918404e-8
4.9247660726729966e-8
4.7613208348620336e-8
4.597034342423732e-8
4.380880319916288e-8
4.171347844081376e-8
3.970374224084169e-8
3.779425655741935e-8
3.5575002695506416e-8
3.3571592009646613e-8
3.17964406246982e-8
3.023792496264316e-8
2.8621784065356785e-8
2.7463769645666414e-8
2.6098831002990675e-8
2.512650860850456e-8
2.4149511322458178e-8
2.3142949739040043e-8
2.2301358307184387e-8
2.1222852846092158e-8
2.0221335171642625e-8
1.9008622268017414e-8
1.7584668117978612e-8
1.6171757895937668e-8
1.491524973593505e-7
1.225238029177986e-7
1.0111752148570827e-7
8.672682836082868e-8
7.68308918377145e-8
6.987391595248651e-8
6.48431729837471e-8
6.104440475844688e-8
5.801558573380035e-8
5.546890613141857e-8
5.323782446228355e-8
5.123165245757235e-8
4.940157779042451e-8
4.771862926502043e-8
4.6161517518109594e-8
4.471132925923003e-8
4.335021852113625e-8
4.206192131526447e-8
4.083270457504509e-8
3.965202882337083e-8
3.741040166167317e-8
3.634321884210922e-8
3.531061643386157e-8
3.33499520864267e-8
3.242207243497933e-8
3.066811506850576e-8
2.9039831454574525e-8
2.8267947297592733e-8
2.6798942361131334e-8
2.5419445057642852e-8
2.4121778334444287e-8
2.2321800159575682e-8
2.1217327109216553e-8
2.018654378609947e-8
1.87687240900983e-8
1.748707108918123e-8
1.632184485744675e-8
1.525871903922756e-8
1.4289542640219875e-8
1.3409357786277293e-8
1.2364556482951752e-8
1.1449133924662393e-8
1.0640393795793439e-8
9.919279989096895e-9
9.123998251906099e-9
8.435548918495507e-9
7.841115189326152e-9
7.32233084267289e-9
6.773886591647733e-9
6.3651617481389426e-9
5.857450109526367e-9
5.474541783197864e-9
5.071650790335489e-9
4.6468296218487074e-9
4.299990370073186e-9
3.891001513385668e-9
3.5572278182412005e-9
3.204445994845655e-9
2.847671012770512e-9
2.5497471937514675e-9
9.890468220346521e-7
1.3006690908915257e-6
1.5124424693206804e-6
1.6704176534938415e-6
1.7883251956446428e-6
1.8735119857055586e-6
1.9310652230137624e-6
1.9650458282333364e-6
1.978975905706763e-6
1.976032721334099e-6
1.959114077057503e-6
1.930852286133554e-6
1.8936134677356316e-6
1.849497717822964e-6
1.8003449994853586e-6
1.7477467724752048e-6
1.6930617032613086e-6
1.637433622093004e-6
1.5818103003672084e-6
1.5269621410595195e-6
1.4218940829440672e-6
1.3724874637442014e-6
1.3255149225241992e-6
1.2393516352897284e-6
1.2002132794737146e-6
1.1295257653734292e-6
1.0681046093600098e-6
1.0404605454177098e-6
9.903910054780831e-7
9.460556315409279e-7
9.060846320431754e-7
8.517883920142506e-7
8.180656908365365e-7
7.855963848183127e-7
7.384684071627416e-7
6.928142933530325e-7
6.487268359325425e-7
6.066433318469118e-7
5.671016160090322e-7
5.305647505612665e-7
4.869898462981641e-7
4.4935109480371333e-7
4.171898841068607e-7
3.8969149699095493e-7
3.604410524441086e-7
3.353019067367439e-7
3.1297630697620026e-7
2.926487007055304e-7
2.703459828026188e-7
2.5336950897961765e-7
2.320718688220294e-7
2.1609479052293687e-7
1.9991111019925788e-7
1.8415124923283522e-7
1.722476541130834e-7
1.5889610739382129e-7
1.4846172470864905e-7
1.380436651667079e-7
1.279146106408715e-7
1.1914277652226496e-7
6.18565594557499e-7
7.810181277961593e-7
8.999585556969208e-7
9.9890002958454e-7
1.082967009063922e-6
1.1542912444324623e-6
1.2139644633099718e-6
1.2627367539329073e-6
1.3013225752630766e-6
1.3304961243309613e-6
1.3510866085934577e-6
1.3639409807046414e-6
1.3698875919407053e-6
1.3697125244373334e-6
1.364149154269943e-6
1.3538771291276663e-6
1.339526288520026e-6
1.3216820157534388e-6
1.3008898897981208e-6
1.2776587215660547e-6
1.2257375005240473e-6
1.1978875869458377e-6
1.1692775049309547e-6
1.111052011841925e-6
1.0819818693711404e-6
1.0250245065759819e-6
9.70729924362294e-7
9.448808215510278e-7
8.961628934195361e-7
8.516939492925779e-7
8.115742330941071e-7
7.592643821455946e-7
7.292012675929244e-7
7.025031115886381e-7
6.67707384407982e-7
6.377184525352476e-7
6.109614037334699e-7
5.861113600993898e-7
5.621711143744445e-7
5.384893089591459e-7
5.067839047174916e-7
4.749094158912141e-7
4.4336019044419305e-7
4.1290783395506796e-7
3.775814451780527e-7
3.4635620742911943e-7
3.19718320469832e-7
2.974848969673166e-7
2.7567248044375863e-7
2.6051430386531884e-7
2.4219621794007695e-7
2.2800106670640383e-7
2.123394964386519e-7
1.953589011703778e-7
1.8155073700093564e-7
1.6574915379609015e-7
1.5373943746648973e-7
1.4231192462768172e-7
1.3162431153661772e-7
1.2240467770095495e-7
4.6045591563689465e-7
5.481924548411209e-7
6.142882485268397e-7
6.73222387111334e-7
7.267616960120912e-7
7.757030101855452e-7
8.201034335862442e-7
8.597240236728249e-7
8.943791021125191e-7
9.240681674602163e-7
9.489657908505714e-7
9.693573561428602e-7
9.85573599884203e-7
9.97945254207014e-7
1.0067803618807663e-6
1.0123586845600723e-6
1.014935833056549e-6
1.0147509691547782e-6
1.0120340920480651e-6
1.0070109621245691e-6
9.909380613287064e-7
9.803265092880142e-7
9.682807730046478e-7
9.406790246781556e-7
9.254893479241473e-7
8.931495312910085e-7
8.591326994308345e-7
8.418015848985142e-7
8.070131030905234e-7
7.726401260122752e-7
7.392657667492062e-7
6.920422767025199e-7
6.628994150609212e-7
6.358399837960432e-7
5.992902770760516e-7
5.674865270593994e-7
5.40065151668563e-7
5.164924519540974e-7
4.961445952683643e-7
4.783615199395524e-7
4.575115283905711e-7
4.386305727715882e-7
4.205531197115969e-7
4.024732159380379e-7
3.7926492127904027e-7
3.553364200929308e-7
3.311687774258381e-7
3.075217711994944e-7
2.809532149149031e-7
2.610813106053756e-7
2.3744836770886398e-7
2.2110326312445968e-7
2.0590894225104383e-7
1.9213612987977295e-7
1.8184705175443684e-7
1.695301477461999e-7
1.587375148085251e-7
1.4671298962644803e-7
1.3410916066848613e-7
1.2305852383866035e-7
3.851411484408101e-7
4.3277522544679085e-7
4.686520612974039e-7
5.031056413159368e-7
5.359850112583879e-7
5.677551885121743e-7
5.983003109373705e-7
6.271086160924441e-7
6.536681547533886e-7
6.776626829424718e-7
6.989906040311449e-7
7.177029848300548e-7
7.339287747672173e-7
7.478184726061055e-7
7.595131728027326e-7
7.691342938564541e-7
7.76785899534357e-7
7.825623172437607e-7
7.865560674637434e-7
7.888634966493304e-7
7.888365124399123e-7
7.86724162651263e-7
7.833647052151925e-7
7.733514757215753e-7
7.669093436619406e-7
7.516360088494835e-7
7.337457500998295e-7
7.240122959130543e-7
7.03318984567518e-7
6.814222839247811e-7
6.588033895812827e-7
6.244587191955588e-7
6.018177559173431e-7
5.79724489935351e-7
5.480817462263008e-7
5.186727476952238e-7
4.917870106145137e-7
4.6755052131071854e-7
4.459649809745678e-7
4.2692751347943865e-7
4.051615434870109e-7
3.8692118604423845e-7
3.714337579117497e-7
3.5791677213011565e-7
3.4271854079224854e-7
3.283571209442842e-7
3.140045753517868e-7
2.9916494506828455e-7
2.8051923569206266e-7
2.6449110200377563e-7
2.4210606362421696e-7
2.238316554889235e-7
2.0451233637839588e-7
1.8584825261192273e-7
1.7270641790822802e-7
1.5970831571601463e-7
1.508389461728478e-7
1.424694881772309e-7
1.3377069462902413e-7
1.249385509606879e-7
3.4525782626365956e-7
3.69780571059077e-7
3.872790961845014e-7
4.0613484377639727e-7
4.253812765574878e-7
4.452986352041634e-7
4.656728091128106e-7
4.858733787014335e-7
5.052567396675574e-7
5.233797558545017e-7
5.400269710272953e-7
5.551491292379305e-7
5.687855908836874e-7
5.810048110243989e-7
5.918710363360642e-7
6.014327131440711e-7
6.0972426151887e-7
6.167735713204772e-7
6.226099548825474e-7
6.272697831344384e-7
6.332525792314881e-7
6.346927015331065e-7
6.351852307368687e-7
6.335921373035477e-7
6.31632465628428e-7
6.256707255343902e-7
6.173157001880989e-7
6.123528106488072e-7
6.010654083588431e-7
5.882343071908309e-7
5.741820231662252e-7
5.514938887806564e-7
5.357113410220244e-7
5.196922076548797e-7
4.956599900935459e-7
4.7210129234868786e-7
4.494325877366108e-7
4.2797228847067644e-7
4.0795671174113285e-7
3.8953964327311456e-7
3.675768473441103e-7
3.485178432661247e-7
3.321325806770174e-7
3.1809409053477253e-7
3.0328611117170664e-7
2.9082175241369265e-7
2.799376173704569e-7
2.6990883003308776e-7
2.581663437456255e-7
2.481587196276044e-7
2.3345694093379836e-7
2.2022804458875572e-7
2.0439380465745525e-7
1.8653576116979112e-7
1.7191755952380087e-7
1.5546801078353391e-7
1.4347725514480336e-7
1.3285948666807228e-7
1.2400331179843696e-7
1.1721887272727612e-7
3.021626311583298e-7
3.048719644449259e-7
3.078292346610626e-7
3.149047431787664e-7
3.236696516593812e-7
3.346117608801794e-7
3.4753400394779615e-7
3.61561330916201e-7
3.757622820652318e-7
3.8948638329302076e-7
4.024102390108904e-7
4.1444509651285453e-7
4.256198783940998e-7
4.359929533391039e-7
4.456049107818366e-7
4.5446480462727757e-7
4.6255649401179644e-7
4.6985300023353494e-7
4.7633067940521686e-7
4.819790110885007e-7
4.908319867171373e-7
4.940973028786629e-7
4.966457671733999e-7
4.997819812972351e-7
5.004583676284556e-7
5.002110102783135e-7
4.980151797180684e-7
4.962437259157807e-7
4.914598420389407e-7
4.85174244195009e-7
4.775928621715296e-7
4.642808210733995e-7
4.5443180206860003e-7
4.4402900226594507e-7
4.277269107332773e-7
4.109578321235505e-7
3.9406711094549124e-7
3.7736532239097603e-7
3.611388442004409e-7
3.4563153488627224e-7
3.26371452655681e-7
3.089210705300142e-7
2.9332361440229535e-7
2.7952759425954876e-7
2.6467458707698636e-7
2.522387919100009e-7
2.418462002711702e-7
2.3301752599884335e-7
2.2378990090348807e-7
2.1674360335571846e-7
2.072231527775046e-7
1.9894514212112764e-7
1.8876647653836688e-7
1.7630559301231792e-7
1.6493829406061998e-7
1.5042535330580495e-7
1.3828065073320328e-7
1.260563896553295e-7
1.1478352727549815e-7
1.0614252890980972e-7
2.880811657340616e-7
2.813689137040444e-7
2.760445915747748e-7
2.758725388314079e-7
2.7836186959908916e-7
2.836499083991341e-7
2.913447689987662e-7
3.005255721934037e-7
3.102776549383607e-7
3.1997307583390617e-7
3.292951882195035e-7
3.381450197394581e-7
3.4653063058667273e-7
3.544856733736869e-7
3.620267286968238e-7
3.691415869555982e-7
3.757957927480666e-7
3.8194624308477903e-7
3.875543366225148e-7
3.9259489864407827e-7
4.009578880531979e-7
4.0431014686984667e-7
4.0714602833050017e-7
4.11397449073759e-7
4.1287252590169835e-7
4.146375060589803e-7
4.1492617072333596e-7
4.1454582698254087e-7
4.1278915172891047e-7
4.097902946809527e-7
4.056778631318371e-7
3.977529497483989e-7
3.9152287953929695e-7
3.8469543160398345e-7
3.7357492096193713e-7
3.616630733162002e-7
3.492170535682304e-7
3.3648754033970245e-7
3.237248337180567e-7
3.1115840740976133e-7
2.9501897539403024e-7
2.798347365287632e-7
2.657535586427386e-7
2.528538790214409e-7
2.384650667282665e-7
2.2602518352141441e-7
2.154283491795768e-7
2.0643659797080932e-7
1.9734369321232633e-7
1.908470980258068e-7
1.829041006999219e-7
1.7672792593966162e-7
1.697167878305612e-7
1.6140337529760745e-7
1.536518463839913e-7
1.4309995081649575e-7
1.333989624016714e-7
1.225277769222581e-7
1.1119527715258749e-7
1.0135782785287428e-7
2.7683340835114217e-7
2.6254587940667387e-7
2.5111915873062913e-7
2.4577807238241787e-7
2.4380498724325996e-7
2.450865507045618e-7
2.490787761691645e-7
2.5479883064499894e-7
2.613205113504526e-7
2.680232102696862e-7
2.74599065696618e-7
2.809524486984951e-7
2.870883500192312e-7
2.930325110713792e-7
2.987909016350862e-7
3.043397876393403e-7
3.096334168465662e-7
3.146181542877617e-7
3.1924573476747806e-7
3.2348204472617324e-7
3.307317685312685e-7
3.3375871943196976e-7
3.3641270490781073e-7
3.4069806711786914e-7
3.423728038285766e-7
3.4486291406762035e-7
3.4626076748802545e-7
3.4656112246895936e-7
3.4638452536162384e-7
3.452153885115202e-7
3.431348175577842e-7
3.385396741569618e-7
3.3465720444160484e-7
3.302352595256046e-7
3.22757587212365e-7
3.144419076388897e-7
3.0546244042965904e-7
2.9600349507073744e-7
2.862642685072551e-7
2.764375917467941e-7
2.6347265329654534e-7
2.509025771857176e-7
2.388935339280866e-7
2.2756779970771845e-7
2.1453641388768505e-7
2.028990056984559e-7
1.9269020796525603e-7
1.8381924134747352e-7
1.7472626548634364e-7
1.6826729463558103e-7
1.6064845239890855e-7
1.5512942743915e-7
1.494004256696088e-7
1.4321053197194473e-7
1.3777135196841436e-7
1.3048852970775684e-7
1.235935230745299e-7
1.1535279608263295e-7
1.0597056570465591e-7
9.697753959048675e-8
2.685866083710309e-7
2.478953521741113e-7
2.324923947127329e-7
2.237427068517671e-7
2.1832132171368954e-7
2.1641659345274928e-7
2.1761239212481843e-7
2.2085568063038773e-7
2.2510016835839425e-7
2.2964159143215995e-7
2.341429796695879e-7
2.3851851604355937e-7
2.427990115288744e-7
2.470345276027096e-7
2.512449735681898e-7
2.5540848659969863e-7
2.5947173429837516e-7
2.633682949636856e-7
2.6703594411919034e-7
2.704283129515647e-7
2.763051989460118e-7
2.787947090881296e-7
2.8100851513304025e-7
2.8470325750002526e-7
2.862251856771939e-7
2.886802667284361e-7
2.903714920827595e-7
2.909269610920245e-7
2.9144708287680614e-7
2.911875260512793e-7
2.9019496298725674e-7
2.87511395836761e-7
2.8505945574992493e-7
2.8216845341579915e-7
2.771234641562123e-7
2.713279101330414e-7
2.6487606084838606e-7
2.5788944730659183e-7
2.505246121367371e-7
2.42946649228328e-7
2.3274933587967944e-7
2.2264387940479136e-7
2.1276069331673596e-7
2.0320530735076654e-7
1.919036775436717e-7
1.8152079677089138e-7
1.72174424710991e-7
1.6385320012022562e-7
1.551131441740509e-7
1.487869572852509e-7
1.4128072327635774e-7
1.3593548836131093e-7
1.3063343240785794e-7
1.2532542868807878e-7
1.2103349398432607e-7
1.1569554946776759e-7
1.108298213640146e-7
1.0494503744767888e-7
9.792748242489141e-8
9.075382654631404e-8
2.781268067727377e-7
2.5837113613330525e-7
2.428540956269137e-7
2.3336378478766839e-7
2.2676195511848506e-7
2.2343736886870384e-7
2.2308888271350372e-7
2.2471435580655518e-7
2.2729026734910061e-7
2.3012832384758205e-7
2.3290854050983271e-7
2.355637078202301e-7
2.3814300409584287e-7
2.40712733916693e-7
2.433058786925054e-7
2.459102967852249e-7
2.484794269820571e-7
2.509513270351881e-7
2.5326663209426217e-7
2.553807609010336e-7
2.5892735816781544e-7
2.6036564205258975e-7
2.6160408159959545e-7
2.635731091351568e-7
2.643424279603189e-7
2.6550442806749975e-7
2.661710404639245e-7
2.663088459495537e-7
2.66170247269703e-7
2.654706274577287e-7
2.642370311963093e-7
2.615235445052842e-7
2.592454188191407e-7
2.566613906171583e-7
2.5228592718190714e-7
2.4735727613899724e-7
2.41914548607129e-7
2.360311573707858e-7
2.2982249403648382e-7
2.234182309193331e-7
2.147601474090062e-7
2.061079594383248e-7
1.9754351429958636e-7
1.8914013016372237e-7
1.7902155795649193e-7
1.6953601582422306e-7
1.6081948966784583e-7
1.5288901434755857e-7
1.4435246517484013e-7
1.3802532324404517e-7
1.303574955567582e-7
1.2482029909380197e-7
1.193414923250734e-7
1.1400876277261185e-7
1.0992123274949776e-7
1.0520905838821636e-7
1.0123786643089508e-7
9.666170529550191e-8
9.128782896799363e-8
8.570707548212952e-8
