2.890833589572327e-9
3.751335012882473e-9
3.9129164470901365e-9
3.817063987452399e-9
3.6307346310502556e-9
3.4247581032244608e-9
3.226826408349999e-9
3.045507466519609e-9
2.8817089141996087e-9
2.7338371333494036e-9
2.5998494832575738e-9
2.4778964184567267e-9
2.3664116272566e-9
2.2640454074831287e-9
2.169595394371512e-9
2.0819746191309296e-9
2.000211222291417e-9
1.9234622704040842e-9
1.8510265536328715e-9
1.7823478711878258e-9
1.6547008784847094e-9
1.5952229698333353e-9
1.5384322587000916e-9
1.432544911859576e-9
1.3833061521218286e-9
1.2918871905448439e-9
1.2093322862871126e-9
1.1711493481881684e-9
1.1004932114231998e-9
1.0368391465735561e-9
9.795228201382873e-10
9.041635076075064e-10
8.602256885528763e-10
8.207215630498007e-10
7.686273736984205e-10
7.23583943350641e-10
6.84023941607294e-10
6.486779023498353e-10
6.165986929304186e-10
5.870997605716243e-10
5.509107315851845e-10
5.174924724569674e-10
4.862405020165037e-10
4.5689886132476287e-10
4.230149818763247e-10
3.926242026384893e-10
3.6594963379363244e-10
3.4276825429736025e-10
3.1880232525516365e-10
3.013966583207447e-10
2.8017695738297747e-10
2.6439641578042836e-10
2.480951146607656e-10
2.3130465407594338e-10
2.1775098460785437e-10
2.0189569511413497e-10
1.8942270396339482e-10
1.7703736663852887e-10
1.6490855570093998e-10
1.5429078387875068e-10
5.594650119415924e-9
7.175093225697718e-9
7.31248242208903e-9
6.903195125210557e-9
6.302069769575439e-9
5.664541076677481e-9
5.055146347619547e-9
4.49698740810113e-9
3.995437594348461e-9
3.5490334601044843e-9
3.154061589044347e-9
2.8062442951297245e-9
2.5012377156068013e-9
2.23473769921301e-9
2.0025138499126377e-9
1.8004664699904062e-9
1.624709011600602e-9
1.4716523321105528e-9
1.338068917919201e-9
1.2211258213150396e-9
1.0277798873324603e-9
9.475688770213332e-10
8.762891550348088e-10
7.557608319616121e-10
7.045495284146848e-10
6.16258810112335e-10
5.42612690894788e-10
5.100002226082544e-10
4.5124538267594367e-10
3.992414437850436e-10
3.524728687146941e-10
2.9035743062379866e-10
2.537413875417233e-10
2.2074062107944118e-10
1.7771508416296256e-10
1.4199025629473232e-10
1.1298162056348152e-10
9.012203193224695e-11
7.287065534693221e-11
6.06363885681964e-11
5.086039844551831e-11
4.6642949273572794e-11
4.585318334868867e-11
4.675940982068252e-11
4.867852733962296e-11
5.0625979080707375e-11
5.220879320829417e-11
5.3092405702510555e-11
5.2899399386373255e-11
5.182567259706384e-11
4.989946580890482e-11
4.879702417485684e-11
4.85815533900104e-11
4.9247701416614726e-11
5.0080041003368914e-11
5.1243062394145893e-11
5.2228568352074626e-11
5.2819765669245394e-11
5.2509932148069525e-11
5.166323700514272e-11
5.738825598554825e-9
7.2419983884384245e-9
7.219390491148312e-9
6.63274704481451e-9
5.862364157175478e-9
5.072311751675508e-9
4.329187298583936e-9
3.6556381173860058e-9
3.055704269937035e-9
2.5263653039267384e-9
2.062374763731856e-9
1.6580257442394882e-9
1.307663509213428e-9
1.0057840088359839e-9
7.470560037663802e-10
5.263674887014649e-10
3.3890026692147395e-10
1.8020853240139453e-10
4.627880671549666e-11
-6.644072666439378e-11
-2.401901619372848e-10
-3.0616096851380344e-10
-3.6090304917597896e-10
-4.4315620657435885e-10
-4.733635453155708e-10
-5.174435037224952e-10
-5.455648625882914e-10
-5.554134919932648e-10
-5.693819082108404e-10
-5.783110722866214e-10
-5.843154961267148e-10
-5.903217219592116e-10
-5.930532738853402e-10
-5.949393831854605e-10
-5.961484698379868e-10
-5.95220044177825e-10
-5.918737201622e-10
-5.857916420766155e-10
-5.766894016743585e-10
-5.644422435285005e-10
-5.435061985820219e-10
-5.183424936288847e-10
-4.905163196448713e-10
-4.6153556799564124e-10
-4.253411218747447e-10
-3.903972616287461e-10
-3.576331852543184e-10
-3.2789380225136235e-10
-2.970249340934994e-10
-2.7533860506718236e-10
-2.4996153698382116e-10
-2.3136201796670805e-10
-2.1200167181752603e-10
-1.9220829853855337e-10
-1.7654026127420332e-10
-1.5798530460109992e-10
-1.427114773738734e-10
-1.272714446910566e-10
-1.1274721117628569e-10
-1.0063270992813078e-10
5.795091211531728e-9
7.25237450384268e-9
7.151229865903332e-9
6.482164715930844e-9
5.6350695501874345e-9
4.776591558922729e-9
3.973565331986738e-9
3.248159233638941e-9
2.6037693059884106e-9
2.0367366400374503e-9
1.5412209770548298e-9
1.1109649320276566e-9
7.397972051959139e-10
4.2172365240810453e-10
1.5094575675492417e-10
-7.809361145824262e-11
-2.7063460940687804e-10
-4.3152024815716867e-10
-5.651349907972364e-10
-6.753744425878591e-10
-8.389059625327605e-10
-8.976900034521928e-10
-9.441840724877253e-10
-1.007583226865721e-9
-1.0275414601045348e-9
-1.0502185686594715e-9
-1.0565063754151894e-9
-1.0555081157925238e-9
-1.048264991725063e-9
-1.0369474893369515e-9
-1.0239232129726174e-9
-1.003929262559026e-9
-9.910506023717305e-10
-9.786462270272037e-10
-9.606771076411493e-10
-9.429060393794112e-10
-9.246005898917485e-10
-9.05006287269378e-10
-8.83451880645139e-10
-8.5949439138335e-10
-8.236902490596382e-10
-7.841814602370195e-10
-7.423571545715436e-10
-6.996956749637095e-10
-6.469499298461667e-10
-5.962770230896472e-10
-5.488451004521387e-10
-5.056876409921934e-10
-4.6050297433453664e-10
-4.283690676845094e-10
-3.9042898957481083e-10
-3.626788045985586e-10
-3.341016280425393e-10
-3.051724493359565e-10
-2.8237011803094737e-10
-2.5548278464758506e-10
-2.334424845542862e-10
-2.1106231152100975e-10
-1.896766685910425e-10
-1.7158439318082263e-10
5.851408090128964e-9
7.277159415795788e-9
7.1157853086636516e-9
6.380446475222427e-9
5.469170143615458e-9
4.55162215550963e-9
3.6956414849824755e-9
2.9235695069589914e-9
2.2386280269873626e-9
1.6368388324652605e-9
1.1119812890279094e-9
6.573916481534718e-10
2.664822044307576e-10
-6.71585164436275e-11
-3.4974043375321165e-10
-5.872202656477337e-10
-7.852209190471304e-10
-9.489473364128569e-10
-1.0831222870223801e-9
-1.1919544086564873e-9
-1.3478914767704904e-9
-1.4009863197047258e-9
-1.4408214521331826e-9
-1.4887340918810146e-9
-1.5001842524263308e-9
-1.5049771605943926e-9
-1.4929173048650833e-9
-1.482778679974802e-9
-1.4576289053830482e-9
-1.4291926124716293e-9
-1.4000651684960354e-9
-1.3580561366980486e-9
-1.3319556363832279e-9
-1.3074446313214969e-9
-1.2732225561179335e-9
-1.2411690110373907e-9
-1.2101661489752421e-9
-1.1790866511138443e-9
-1.1469286662559594e-9
-1.112977736240279e-9
-1.0644522469768334e-9
-1.0126373477202041e-9
-9.587815626937006e-10
-9.043472913959733e-10
-8.373480170775537e-10
-7.731243850717067e-10
-7.130552542893645e-10
-6.583409193377481e-10
-6.008356184357879e-10
-5.597192144392495e-10
-5.109878719399087e-10
-4.753814986207813e-10
-4.388911299468801e-10
-4.0211556515427776e-10
-3.731820654850693e-10
-3.391268906551823e-10
-3.1126037602033973e-10
-2.8290348145639097e-10
-2.556124604350864e-10
-2.3237911061235327e-10
5.5946501194154575e-9
7.175093225697752e-9
7.312482422088995e-9
6.903195125210473e-9
6.302069769575392e-9
5.664541076677463e-9
5.0551463476195594e-9
4.49698740810115e-9
3.99543759434848e-9
3.54903346010449e-9
3.1540615890443554e-9
2.806244295129729e-9
2.501237715606805e-9
2.2347376992130094e-9
2.002513849912637e-9
1.8004664699904038e-9
1.6247090116005986e-9
1.471652332110551e-9
1.3380689179192012e-9
1.2211258213150388e-9
1.0277798873324588e-9
9.475688770213328e-10
8.762891550348086e-10
7.557608319616114e-10
7.045495284146848e-10
6.162588101123362e-10
5.426126908947894e-10
5.100002226082565e-10
4.5124538267594465e-10
3.9924144378504454e-10
3.5247286871469537e-10
2.9035743062380016e-10
2.5374138754172456e-10
2.2074062107944162e-10
1.777150841629623e-10
1.4199025629473206e-10
1.1298162056348087e-10
9.012203193224627e-11
7.28706553469319e-11
6.063638856819634e-11
5.0860398445518524e-11
4.6642949273573175e-11
4.585318334868905e-11
4.67594098206827e-11
4.867852733962298e-11
5.062597908070729e-11
5.2208793208294077e-11
5.309240570251048e-11
5.289939938637335e-11
5.1825672597063864e-11
4.98994658089049e-11
4.879702417485689e-11
4.858155339001043e-11
4.924770141661481e-11
5.008004100336904e-11
5.1243062394146e-11
5.2228568352074736e-11
5.2819765669245446e-11
5.250993214806949e-11
5.1663237005142705e-11
1.4603710292957804e-8
2.0761118283424342e-8
2.3436160788691327e-8
2.4470212699099452e-8
2.4668046869247393e-8
2.44218890973843e-8
2.393061628359648e-8
2.3299425198970602e-8
2.2587806354675407e-8
2.1832469345693664e-8
2.105800416600882e-8
2.028174094026445e-8
1.9516031253262865e-8
1.8769476603763798e-8
1.804776195167005e-8
1.73543353825091e-8
1.6690995496093954e-8
1.6058386383531547e-8
1.545639047509612e-8
1.4884418278104622e-8
1.3826933563082002e-8
1.3339299645746647e-8
1.2877546597975208e-8
1.2026863700712681e-8
1.1635446843080549e-8
1.0914099457213737e-8
1.0266273483472358e-8
9.966864875684122e-9
9.411389286418064e-9
8.906987984840206e-9
8.446702928839788e-9
7.82664500299894e-9
7.453513880892802e-9
7.108178025202551e-9
6.635489474548661e-9
6.209432730929543e-9
5.823042009776879e-9
5.4710569079911195e-9
5.149577313323247e-9
4.8556071944953805e-9
4.502129117789627e-9
4.187722082649197e-9
3.907494621586709e-9
3.657264265468484e-9
3.381579957178498e-9
3.1420919814247636e-9
2.9336114582694807e-9
2.7507238260789444e-9
2.5577972784383052e-9
2.41435114948872e-9
2.2346972365274712e-9
2.0973994276267725e-9
1.953811421214896e-9
1.8082495621722645e-9
1.6950640206592926e-9
1.5674896339913391e-9
1.4696154737593723e-9
1.3740902354831112e-9
1.2820166823446492e-9
1.201556664661442e-9
1.6394444749443357e-8
2.360926450514629e-8
2.68991762848771e-8
2.8287843329461083e-8
2.86824896669203e-8
2.853325076024695e-8
2.807187179765378e-8
2.7423079676900542e-8
2.6658962266456678e-8
2.5825137196860736e-8
2.495295804095929e-8
2.4065088431705796e-8
2.3178131458855833e-8
2.2304063354477597e-8
2.1451222951172388e-8
2.0625128422738952e-8
1.9829187350452912e-8
1.906529681340811e-8
1.83343208940032e-8
1.7636444369522047e-8
1.633869656079901e-8
1.573755579594242e-8
1.5167109422112035e-8
1.4114148415556079e-8
1.3629293469821068e-8
1.273636776707191e-8
1.1936658912512051e-8
1.1568304253912892e-8
1.0887960105176417e-8
1.0274645797658752e-8
9.719671327677743e-9
8.9805205086248e-9
8.54090778285191e-9
8.137628213638599e-9
7.590957825575344e-9
7.1027047913153656e-9
6.6623857407088e-9
6.262005537688221e-9
5.895664154247302e-9
5.558988443672192e-9
5.150453009367506e-9
4.782217669209808e-9
4.4491984972217355e-9
4.147659745207673e-9
3.811229363982317e-9
3.516532865216425e-9
3.259946897036776e-9
3.0369309076619693e-9
2.806522255817654e-9
2.6401064325207365e-9
2.4388293321289835e-9
2.29023543046142e-9
2.138411051924113e-9
1.9858258094106687e-9
1.8660989424885136e-9
1.728024427921583e-9
1.6188788583413668e-9
1.50960648771952e-9
1.4029819715641337e-9
1.3106615684783267e-9
1.7454679413065126e-8
2.5236881407572966e-8
2.880883245887426e-8
3.0327875232918604e-8
3.0771053110832016e-8
3.062298708619718e-8
3.0133334024191734e-8
2.943682274101205e-8
2.861162917702603e-8
2.7707422035424523e-8
2.6758464710232785e-8
2.5789626630758104e-8
2.4819236199092627e-8
2.3860639055038254e-8
2.2923265871774735e-8
2.2013504565668665e-8
2.1135452893706748e-8
2.0291552287050215e-8
1.9483092229709822e-8
1.8710585152681022e-8
1.7273054572473103e-8
1.6607059816168013e-8
1.5975227841179257e-8
1.4809971818242923e-8
1.4274155553903545e-8
1.3289340999449823e-8
1.2410429577802785e-8
1.2006917901097672e-8
1.126444352148017e-8
1.059892176005794e-8
1.0000465410530667e-8
9.209906791220053e-9
8.743633340427453e-9
8.318605599335632e-9
7.7465655242329e-9
7.239325387291558e-9
6.7842510124189675e-9
6.371679749264005e-9
5.994482199570624e-9
5.647431997853942e-9
5.2249095116468285e-9
4.841970639588689e-9
4.493453016486004e-9
4.175912391829153e-9
3.819549264279879e-9
3.5060567421000504e-9
3.2328340707115305e-9
2.996079304254405e-9
2.7535450914884095e-9
2.58071378960592e-9
2.3755925317984825e-9
2.2276096966167724e-9
2.0796497439792475e-9
1.9336672625929095e-9
1.8201198506625825e-9
1.6890283550617425e-9
1.5844780313354678e-9
1.4784306831787097e-9
1.3734815624810466e-9
1.2817488252989293e-9
1.842225484846517e-8
2.6703665563665438e-8
3.0521173980743455e-8
3.2158237716589584e-8
3.265305347490789e-8
3.251834103517545e-8
3.201748493141054e-8
3.129263174402643e-8
3.042651667178155e-8
2.947199116237545e-8
2.846575764040989e-8
2.7434651471032582e-8
2.6398615838047542e-8
2.5372324798913543e-8
2.436629553181312e-8
2.3387797624204005e-8
2.244163874336843e-8
2.153082768792314e-8
2.0657103696177144e-8
1.982133185512243e-8
1.8264289428299675e-8
1.7542398577248e-8
1.685739012672222e-8
1.559412388501156e-8
1.501347994525235e-8
1.394717503424741e-8
1.2997170121425396e-8
1.2561773896770512e-8
1.1762302698293767e-8
1.1048025262268769e-8
1.0408090909571681e-8
9.56689921125934e-9
9.073293108683316e-9
8.625112011398824e-9
8.024578327918181e-9
7.494430774501606e-9
7.020276663847664e-9
6.591092194015721e-9
6.198746904913166e-9
5.837320769475526e-9
5.396094314882575e-9
4.994533320485694e-9
4.627392539283892e-9
4.291437432843422e-9
3.912928356613762e-9
3.57903938827847e-9
3.287893471514626e-9
3.036163373185373e-9
2.77979907848e-9
2.598791409942499e-9
2.386723888521278e-9
2.2361200107878115e-9
2.0877349106326488e-9
1.9430885886570664e-9
1.8311125668868065e-9
1.7014928276060484e-9
1.5972915308858618e-9
1.4905613451716745e-9
1.3839741186304857e-9
1.2903675500154598e-9
5.73882559855675e-9
7.241998388437683e-9
7.219390491148005e-9
6.632747044814457e-9
5.86236415717539e-9
5.072311751675502e-9
4.329187298583911e-9
3.655638117385974e-9
3.055704269937006e-9
2.52636530392672e-9
2.062374763731822e-9
1.6580257442394832e-9
1.3076635092134279e-9
1.0057840088359843e-9
7.470560037663812e-10
5.26367488701464e-10
3.3890026692146915e-10
1.8020853240137698e-10
4.627880671548705e-11
-6.644072666441186e-11
-2.4019016193730044e-10
-3.061609685138162e-10
-3.609030491759888e-10
-4.4315620657436355e-10
-4.733635453155685e-10
-5.174435037224902e-10
-5.455648625882863e-10
-5.554134919932629e-10
-5.693819082108367e-10
-5.783110722866194e-10
-5.843154961267139e-10
-5.903217219592114e-10
-5.930532738853393e-10
-5.949393831854593e-10
-5.961484698379841e-10
-5.952200441778238e-10
-5.918737201621987e-10
-5.857916420766142e-10
-5.766894016743579e-10
-5.644422435285007e-10
-5.435061985820216e-10
-5.183424936288842e-10
-4.905163196448711e-10
-4.6153556799564114e-10
-4.2534112187474507e-10
-3.9039726162874656e-10
-3.5763318525431875e-10
-3.2789380225136246e-10
-2.970249340934993e-10
-2.7533860506718246e-10
-2.4996153698382095e-10
-2.3136201796670785e-10
-2.1200167181752597e-10
-1.9220829853855337e-10
-1.7654026127420335e-10
-1.5798530460109997e-10
-1.4271147737387342e-10
-1.272714446910567e-10
-1.1274721117628582e-10
-1.006327099281309e-10
1.6394444749447936e-8
2.360926450514635e-8
2.6899176284877004e-8
2.828784332946097e-8
2.8682489666920323e-8
2.8533250760247098e-8
2.807187179765396e-8
2.742307967690066e-8
2.6658962266456728e-8
2.5825137196860686e-8
2.4952958040959183e-8
2.406508843170567e-8
2.317813145885573e-8
2.230406335447751e-8
2.145122295117232e-8
2.0625128422738926e-8
1.982918735045289e-8
1.9065296813408102e-8
1.8334320894003187e-8
1.7636444369522023e-8
1.6338696560798985e-8
1.5737555795942377e-8
1.5167109422112e-8
1.4114148415556057e-8
1.3629293469821055e-8
1.2736367767071906e-8
1.1936658912512061e-8
1.156830425391291e-8
1.0887960105176427e-8
1.027464579765876e-8
9.719671327677741e-9
8.980520508624796e-9
8.540907782851895e-9
8.137628213638597e-9
7.59095782557534e-9
7.102704791315371e-9
6.662385740708805e-9
6.262005537688223e-9
5.895664154247302e-9
5.558988443672188e-9
5.1504530093675055e-9
4.7822176692098115e-9
4.449198497221739e-9
4.147659745207675e-9
3.811229363982316e-9
3.5165328652164243e-9
3.2599468970367755e-9
3.036930907661968e-9
2.8065222558176512e-9
2.6401064325207327e-9
2.4388293321289822e-9
2.2902354304614194e-9
2.1384110519241137e-9
1.985825809410669e-9
1.8660989424885136e-9
1.7280244279215829e-9
1.6188788583413666e-9
1.5096064877195216e-9
1.4029819715641344e-9
1.310661568478327e-9
1.908190814188062e-8
2.8205563630945152e-8
3.2878454163347284e-8
3.5319236982813403e-8
3.654416883615536e-8
3.7060151907442226e-8
3.713376544520764e-8
3.691389770409166e-8
3.649050490378227e-8
3.592289480222967e-8
3.525321105725171e-8
3.451287152962335e-8
3.372578923417274e-8
3.291019783927608e-8
3.207988977945127e-8
3.124518629450594e-8
3.04137431044366e-8
2.9591215110061078e-8
2.878178424652569e-8
2.798855821416883e-8
2.6459403773239736e-8
2.572646060209016e-8
2.5015903445624896e-8
2.366386134739916e-8
2.302265815453766e-8
2.1808946305298828e-8
2.068368726789252e-8
2.0152655810639083e-8
1.91501569276643e-8
1.8222069154038836e-8
1.7362532813958002e-8
1.6189786619128296e-8
1.547825941506397e-8
1.4817446012749324e-8
1.3911659918543912e-8
1.3096190814571842e-8
1.2358801370108897e-8
1.1689029231221471e-8
1.1078092990237972e-8
1.0518587227278667e-8
9.841686546761798e-9
9.232045039302051e-9
8.679004327171365e-9
8.174229893785417e-9
7.601926424621382e-9
7.086957827325141e-9
6.622729739234201e-9
6.203358914444592e-9
5.751885925240968e-9
5.4137421218332315e-9
4.9920283202333275e-9
4.673621712977308e-9
4.3459305620241686e-9
4.019943839396639e-9
3.769687167472258e-9
3.487357736745968e-9
3.2671827853295134e-9
3.0471674804383675e-9
2.8301202377254477e-9
2.637247448177131e-9
2.07951864113807e-8
3.105210167487485e-8
3.649282579255477e-8
3.9470484477891235e-8
4.1081104541777377e-8
4.1880891237057805e-8
4.216497469253522e-8
4.209903535181187e-8
4.1783848037923223e-8
4.128660721070821e-8
4.0655786139615814e-8
3.992811482676197e-8
3.913199563832492e-8
3.8289419789569826e-8
3.741728797927196e-8
3.652847709339985e-8
3.563275029723343e-8
3.473752095290502e-8
3.384846447014858e-8
3.2969981253994536e-8
3.125783632384047e-8
3.042906623783375e-8
2.962088923447091e-8
2.8070935391633332e-8
2.7330571051438793e-8
2.5920352145129344e-8
2.4603188126014656e-8
2.3978547808787895e-8
2.2794400421682254e-8
2.1692928609716118e-8
2.0668979926555383e-8
1.9267314932980775e-8
1.8415177205952203e-8
1.7623245506814723e-8
1.6537913579552404e-8
1.5562111554112523e-8
1.4681808033655857e-8
1.3884665359955167e-8
1.3160074093417956e-8
1.2498883880846563e-8
1.1702164225170023e-8
1.0987362304715883e-8
1.0340563209826546e-8
9.750740957152864e-9
9.081262828484507e-9
8.476611009955275e-9
7.928220579490726e-9
7.428917635445617e-9
6.886160433392301e-9
6.475657048302437e-9
5.958848023051113e-9
5.56545020754527e-9
5.158688590589769e-9
4.754111887312129e-9
4.445588165548624e-9
4.102084520302283e-9
3.838810366602935e-9
3.5800961569393295e-9
3.328500551182948e-9
3.1064647370991575e-9
2.2403419547678712e-8
3.365282414415849e-8
3.971218557518708e-8
4.3094838182999494e-8
4.498332997873459e-8
4.597902620728944e-8
4.640173919204365e-8
4.6431562434233076e-8
4.61784057646593e-8
4.571578625575861e-8
4.5096910742604235e-8
4.43622645012162e-8
4.354333913346364e-8
4.2664718752489493e-8
4.174550334508033e-8
4.080044633423578e-8
3.984091901912035e-8
3.8875718604959904e-8
3.791171642106105e-8
3.695435065924824e-8
3.5076130204918635e-8
3.4161645456373253e-8
3.3266801170622124e-8
3.154268602572906e-8
3.071567851779649e-8
2.9134752016985247e-8
2.765203958846043e-8
2.6947058170794934e-8
2.5607808789442468e-8
2.435932530600476e-8
2.3196945011243692e-8
2.160414849096908e-8
2.063555611969787e-8
1.973570598763445e-8
1.8503753197083502e-8
1.7398336585282613e-8
1.640376218152415e-8
1.550594247559278e-8
1.4692527711189588e-8
1.3952698654137407e-8
1.3064294565016744e-8
1.2269843331582215e-8
1.1552602510181286e-8
1.0899231916099724e-8
1.0157291106761268e-8
9.485573684830476e-9
8.873842233363058e-9
8.313951449405184e-9
7.701539551437812e-9
7.235521076660194e-9
6.645387974631891e-9
6.193939857993315e-9
5.725929973003961e-9
5.260703476826884e-9
4.907524613376296e-9
4.51763218724019e-9
4.222319458157044e-9
3.935818868531008e-9
3.660645706596075e-9
3.4196683402917273e-9
5.795091211531431e-9
7.2523745038423305e-9
7.151229865903959e-9
6.482164715931011e-9
5.635069550187568e-9
4.776591558922862e-9
3.973565331986847e-9
3.2481592336390973e-9
2.6037693059884177e-9
2.036736640037417e-9
1.5412209770547715e-9
1.110964932027639e-9
7.397972051958698e-10
4.217236524081119e-10
1.509457567549241e-10
-7.809361145822577e-11
-2.706346094068523e-10
-4.3152024815714163e-10
-5.651349907972156e-10
-6.753744425878464e-10
-8.389059625327688e-10
-8.976900034522081e-10
-9.441840724877456e-10
-1.0075832268657406e-9
-1.0275414601045511e-9
-1.050218568659479e-9
-1.056506375415189e-9
-1.0555081157925215e-9
-1.0482649917250632e-9
-1.0369474893369465e-9
-1.023923212972615e-9
-1.003929262559025e-9
-9.910506023717299e-10
-9.786462270272025e-10
-9.60677107641148e-10
-9.429060393794108e-10
-9.246005898917491e-10
-9.050062872693788e-10
-8.834518806451393e-10
-8.594943913833493e-10
-8.236902490596348e-10
-7.841814602370177e-10
-7.42357154571543e-10
-6.996956749637108e-10
-6.469499298461688e-10
-5.962770230896482e-10
-5.488451004521375e-10
-5.056876409921928e-10
-4.6050297433453643e-10
-4.2836906768450964e-10
-3.904289895748111e-10
-3.6267880459855853e-10
-3.3410162804253905e-10
-3.0517244933595636e-10
-2.823701180309472e-10
-2.5548278464758495e-10
-2.334424845542862e-10
-2.1106231152100996e-10
-1.8967666859104255e-10
-1.7158439318082257e-10
1.7454679413069748e-8
2.5236881407570696e-8
2.880883245887036e-8
3.032787523291759e-8
3.0771053110831765e-8
3.062298708619728e-8
3.013333402419196e-8
2.943682274101228e-8
2.861162917702622e-8
2.7707422035424685e-8
2.6758464710232887e-8
2.5789626630758163e-8
2.481923619909263e-8
2.3860639055038204e-8
2.2923265871774672e-8
2.2013504565668605e-8
2.1135452893706685e-8
2.0291552287050155e-8
1.9483092229709793e-8
1.871058515268101e-8
1.727305457247315e-8
1.660705981616806e-8
1.5975227841179303e-8
1.4809971818242983e-8
1.42741555539036e-8
1.3289340999449867e-8
1.2410429577802811e-8
1.2006917901097695e-8
1.1264443521480181e-8
1.0598921760057944e-8
1.0000465410530669e-8
9.209906791220055e-9
8.743633340427456e-9
8.318605599335637e-9
7.746565524232898e-9
7.239325387291556e-9
6.784251012418968e-9
6.371679749264003e-9
5.994482199570622e-9
5.64743199785394e-9
5.22490951164683e-9
4.84197063958869e-9
4.493453016486009e-9
4.175912391829156e-9
3.819549264279882e-9
3.50605674210005e-9
3.2328340707115284e-9
2.9960793042544046e-9
2.753545091488412e-9
2.580713789605922e-9
2.3755925317984846e-9
2.227609696616774e-9
2.079649743979248e-9
1.9336672625929095e-9
1.820119850662583e-9
1.6890283550617407e-9
1.5844780313354657e-9
1.4784306831787099e-9
1.3734815624810472e-9
1.2817488252989305e-9
2.0795186411381802e-8
3.105210167487085e-8
3.649282579254991e-8
3.947048447788932e-8
4.1081104541777244e-8
4.1880891237058004e-8
4.2164974692535195e-8
4.209903535181153e-8
4.178384803792281e-8
4.1286607210707904e-8
4.0655786139615675e-8
3.9928114826761975e-8
3.9131995638325046e-8
3.828941978957001e-8
3.741728797927211e-8
3.652847709339996e-8
3.563275029723347e-8
3.473752095290499e-8
3.384846447014852e-8
3.296998125399447e-8
3.125783632384038e-8
3.042906623783371e-8
2.9620889234470888e-8
2.8070935391633362e-8
2.7330571051438836e-8
2.592035214512937e-8
2.4603188126014715e-8
2.3978547808787898e-8
2.27944004216822e-8
2.1692928609716098e-8
2.0668979926555356e-8
1.92673149329808e-8
1.8415177205952236e-8
1.762324550681477e-8
1.6537913579552414e-8
1.5562111554112536e-8
1.4681808033655864e-8
1.3884665359955172e-8
1.3160074093417952e-8
1.249888388084656e-8
1.1702164225170025e-8
1.0987362304715885e-8
1.0340563209826543e-8
9.750740957152853e-9
9.08126282848451e-9
8.476611009955273e-9
7.928220579490724e-9
7.428917635445623e-9
6.886160433392301e-9
6.47565704830244e-9
5.958848023051111e-9
5.5654502075452695e-9
5.158688590589768e-9
4.754111887312122e-9
4.445588165548624e-9
4.102084520302284e-9
3.838810366602936e-9
3.5800961569393303e-9
3.3285005511829485e-9
3.1064647370991587e-9
2.3068992355260428e-8
3.500257362954698e-8
4.1700835142484264e-8
4.567343287684238e-8
4.81025882643702e-8
4.9587229267796404e-8
5.0449078293647664e-8
5.087282109057027e-8
5.097339395534882e-8
5.0828654145737644e-8
5.049523464658186e-8
5.0016317113940114e-8
4.94256339537642e-8
4.874977111394623e-8
4.8009713534134585e-8
4.7222025740000894e-8
4.6399811513560226e-8
4.5553498053294225e-8
4.469146071825177e-8
4.382050257643753e-8
4.2073198041908364e-8
4.1205302574073186e-8
4.034568975510606e-8
3.866119114391988e-8
3.784005406763542e-8
3.6246419121167756e-8
3.472259422396184e-8
3.398786104095697e-8
3.2573342992248924e-8
3.123168174694563e-8
2.996150317664651e-8
2.818571013395469e-8
2.70844274863202e-8
2.6045785764134886e-8
2.4598208577782855e-8
2.327298576584664e-8
2.2058839576788982e-8
2.0945120736816258e-8
1.992204168645506e-8
1.8980631732258823e-8
1.783821092504973e-8
1.6808309849636363e-8
1.5875025827733797e-8
1.5024904008453034e-8
1.4062724914520472e-8
1.3196580911564171e-8
1.2412764048022157e-8
1.169954511135297e-8
1.0922960469956379e-8
1.033273923338073e-8
9.582042930546149e-9
9.00102741639863e-9
8.387525666700986e-9
7.760786507384083e-9
7.269606215701556e-9
6.707653946620908e-9
6.266682617989701e-9
5.827714766983544e-9
5.400287160114807e-9
5.026503915346063e-9
2.5283599849713212e-8
3.8744838687410265e-8
4.653887520397259e-8
5.133057379076497e-8
5.439476313515715e-8
5.6388876294376484e-8
5.766800927032321e-8
5.843584559137418e-8
5.8819252533497633e-8
5.890479342072579e-8
5.8756246172890766e-8
5.84229542265078e-8
5.794397854367916e-8
5.735044402482683e-8
5.666714397028988e-8
5.591381773609122e-8
5.51062298958558e-8
5.425707359832457e-8
5.337669730753189e-8
5.2473661142870865e-8
5.0627216491171506e-8
4.969505177435342e-8
4.8763036471338593e-8
4.691365301748085e-8
4.600191953948345e-8
4.421473650368585e-8
4.248514276506581e-8
4.1644274687965176e-8
4.0013182016158756e-8
3.8451679042657664e-8
3.696093785068723e-8
3.48575136736017e-8
3.354237327556844e-8
3.229498869185066e-8
3.0545759723576764e-8
2.8934266285611987e-8
2.7450240355241953e-8
2.6083465296355188e-8
2.4824196954123823e-8
2.3663182473056923e-8
2.2252700658433075e-8
2.098106690219335e-8
1.9829823477960915e-8
1.878286888293633e-8
1.7600566244151844e-8
1.6538943199970756e-8
1.5580161938982476e-8
1.4708693664191973e-8
1.3759681616797517e-8
1.303732356984845e-8
1.2115531239229734e-8
1.1398224733165353e-8
1.0635367511718923e-8
9.8485838781208e-9
9.225952197587611e-9
8.50682920793458e-9
7.93757055373443e-9
7.367334475114403e-9
6.810674863537052e-9
6.32526575946646e-9
5.8514080901288914e-9
7.277159415797038e-9
7.115785308663566e-9
6.380446475222103e-9
5.469170143615152e-9
4.5516221555094145e-9
3.695641484982369e-9
2.923569506958956e-9
2.2386280269873514e-9
1.636838832465259e-9
1.1119812890278989e-9
6.5739164815345e-10
2.6648220443072706e-10
-6.715851644365933e-11
-3.4974043375324427e-10
-5.872202656477585e-10
-7.852209190471446e-10
-9.489473364128432e-10
-1.0831222870223774e-9
-1.1919544086564624e-9
-1.3478914767704763e-9
-1.4009863197047144e-9
-1.4408214521331626e-9
-1.4887340918810123e-9
-1.5001842524263315e-9
-1.5049771605943978e-9
-1.4929173048650874e-9
-1.4827786799747992e-9
-1.4576289053830426e-9
-1.4291926124716268e-9
-1.4000651684960298e-9
-1.358056136698038e-9
-1.331955636383223e-9
-1.3074446313214944e-9
-1.2732225561179348e-9
-1.2411690110373923e-9
-1.2101661489752438e-9
-1.1790866511138449e-9
-1.1469286662559596e-9
-1.112977736240279e-9
-1.0644522469768336e-9
-1.0126373477202058e-9
-9.587815626937017e-10
-9.043472913959731e-10
-8.373480170775522e-10
-7.731243850717042e-10
-7.130552542893639e-10
-6.583409193377481e-10
-6.008356184357881e-10
-5.597192144392493e-10
-5.109878719399082e-10
-4.753814986207811e-10
-4.3889112994688036e-10
-4.021155651542783e-10
-3.731820654850697e-10
-3.3912689065518195e-10
-3.112603760203394e-10
-2.829034814563909e-10
-2.556124604350865e-10
-2.3237911061235324e-10
1.8422254848469938e-8
2.67036655636667e-8
3.052117398074473e-8
3.215823771658968e-8
3.26530534749075e-8
3.2518341035175114e-8
3.201748493141042e-8
3.129263174402647e-8
3.042651667178161e-8
2.947199116237547e-8
2.846575764040985e-8
2.7434651471032526e-8
2.6398615838047473e-8
2.5372324798913457e-8
2.4366295531813073e-8
2.3387797624203982e-8
2.2441638743368443e-8
2.1530827687923162e-8
2.065710369617724e-8
1.982133185512245e-8
1.82642894282997e-8
1.7542398577248007e-8
1.685739012672225e-8
1.5594123885011585e-8
1.5013479945252374e-8
1.3947175034247445e-8
1.2997170121425419e-8
1.2561773896770554e-8
1.1762302698293778e-8
1.1048025262268772e-8
1.0408090909571675e-8
9.566899211259328e-9
9.0732931086833e-9
8.625112011398824e-9
8.02457832791818e-9
7.494430774501606e-9
7.020276663847661e-9
6.591092194015713e-9
6.19874690491316e-9
5.8373207694755234e-9
5.396094314882583e-9
4.9945333204857e-9
4.627392539283907e-9
4.291437432843428e-9
3.912928356613761e-9
3.5790393882784693e-9
3.287893471514624e-9
3.036163373185371e-9
2.7797990784799964e-9
2.5987914099424983e-9
2.3867238885212794e-9
2.236120010787813e-9
2.08773491063265e-9
1.9430885886570647e-9
1.8311125668868059e-9
1.7014928276060476e-9
1.5972915308858618e-9
1.490561345171674e-9
1.3839741186304853e-9
1.290367550015461e-9
2.2403419547691295e-8
3.365282414415784e-8
3.971218557518801e-8
4.309483818300044e-8
4.4983329978734946e-8
4.5979026207289304e-8
4.640173919204337e-8
4.643156243423287e-8
4.617840576465916e-8
4.5715786255758556e-8
4.509691074260344e-8
4.4362264501215867e-8
4.354333913346335e-8
4.266471875248944e-8
4.1745503345080216e-8
4.080044633423547e-8
3.9840919019120223e-8
3.8875718604959646e-8
3.7911716421060936e-8
3.695435065924789e-8
3.507613020491856e-8
3.4161645456373214e-8
3.326680117062211e-8
3.1542686025729075e-8
3.0715678517796493e-8
2.913475201698526e-8
2.765203958846038e-8
2.6947058170794964e-8
2.560780878944249e-8
2.4359325306004768e-8
2.319694501124368e-8
2.160414849096909e-8
2.0635556119697866e-8
1.9735705987634458e-8
1.8503753197083525e-8
1.7398336585282623e-8
1.6403762181524153e-8
1.550594247559278e-8
1.4692527711189586e-8
1.3952698654137395e-8
1.3064294565016744e-8
1.2269843331582232e-8
1.1552602510181303e-8
1.0899231916099727e-8
1.0157291106761268e-8
9.485573684830467e-9
8.873842233363054e-9
8.313951449405179e-9
7.701539551437818e-9
7.235521076660196e-9
6.6453879746318915e-9
6.193939857993312e-9
5.725929973003955e-9
5.260703476826882e-9
4.907524613376297e-9
4.51763218724019e-9
4.222319458157044e-9
3.935818868531007e-9
3.660645706596075e-9
3.4196683402917273e-9
2.5283599849737687e-8
3.8744838687409464e-8
4.653887520396628e-8
5.133057379076048e-8
5.439476313515565e-8
5.638887629437918e-8
5.76680092703248e-8
5.843584559137581e-8
5.881925253349899e-8
5.8904793420726665e-8
5.875624617289113e-8
5.842295422650842e-8
5.7943978543678856e-8
5.73504440248263e-8
5.666714397028931e-8
5.5913817736090655e-8
5.5106229895855246e-8
5.4257073598324394e-8
5.337669730753152e-8
5.2473661142870806e-8
5.062721649117134e-8
4.9695051774353526e-8
4.876303647133856e-8
4.691365301748092e-8
4.600191953948364e-8
4.421473650368612e-8
4.2485142765065965e-8
4.164427468796533e-8
4.0013182016158915e-8
3.8451679042657737e-8
3.6960937850687304e-8
3.4857513673601675e-8
3.354237327556839e-8
3.229498869185058e-8
3.054575972357668e-8
2.8934266285611934e-8
2.745024035524192e-8
2.6083465296355214e-8
2.4824196954123853e-8
2.3663182473056956e-8
2.2252700658433122e-8
2.0981066902193383e-8
1.9829823477960942e-8
1.8782868882936342e-8
1.760056624415184e-8
1.6538943199970746e-8
1.5580161938982473e-8
1.4708693664191968e-8
1.3759681616797504e-8
1.3037323569848441e-8
1.2115531239229736e-8
1.1398224733165361e-8
1.0635367511718931e-8
9.848583878120799e-9
9.225952197587611e-9
8.506829207934571e-9
7.937570553734425e-9
7.367334475114402e-9
6.8106748635370575e-9
6.325265759466467e-9
2.824457004623831e-8
4.394830094708191e-8
5.347489582599309e-8
5.967835780379653e-8
6.393887630344707e-8
6.69653087022898e-8
6.914398566912275e-8
7.07006752873279e-8
7.177876016569648e-8
7.247736384844301e-8
7.28699654838931e-8
7.301360817441343e-8
7.295369535249408e-8
7.272677973807108e-8
7.236244296266614e-8
7.188472801520564e-8
7.131329818195028e-8
7.06643808427046e-8
6.995151911973914e-8
6.91861508702796e-8
6.753558778942462e-8
6.66660585517994e-8
6.57757392693648e-8
6.395370558344905e-8
6.303067454122246e-8
6.117773453304225e-8
5.93327820221319e-8
5.8418303571912776e-8
5.66128079204235e-8
5.484610439863235e-8
5.3125055219325e-8
5.0639530319731086e-8
4.9051106746276414e-8
4.7519606707072053e-8
4.533023578804372e-8
4.3269175759199265e-8
4.133292052661486e-8
3.9516576579850783e-8
3.7814507360537665e-8
3.6220590643697466e-8
3.425230915167742e-8
3.244861771630431e-8
3.079355419035537e-8
2.9272254872561204e-8
2.7538716281016708e-8
2.597099471598894e-8
2.454893942121159e-8
2.325407477803594e-8
2.184489061555094e-8
2.0774728841749326e-8
1.9413114092662708e-8
1.8356114745280152e-8
1.723303686027356e-8
1.6073282191125297e-8
1.5151206078379887e-8
1.4075702292039886e-8
1.321112852875812e-8
1.2328403745988508e-8
1.1445604877288678e-8
1.0654362121712337e-8
