426.601798
438.271192
434.113012
441.742897
454.954831
452.263988
448.950183
411.236341
450.495566
419.37281
420.947028
425.854386
423.811874
440.081476
474.905522
433.82527
487.164078
549.879884
421.589159
437.38285
434.460713
452.634885
445.378927
461.399315
493.43216
538.062281
412.121282
434.412717
433.024989
429.749818
419.852364
436.027412
418.293324
484.617547
540.748857
425.386209
436.977376
428.58933
436.048923
440.784948
450.459301
496.936775
565.946283
418.675709
454.261484
428.376166
448.487192
456.689549
461.170935
425.38383
491.511098
537.792572
433.576043
439.296663
441.256024
465.277419
453.138093
448.606614
473.686869
544.398772
406.711246
443.583407
449.195136
442.917939
449.711852
448.276325
450.788958
499.534504
558.204061
425.900138
454.250462
447.340214
446.988447
442.803542
459.391533
438.484178
486.915852
538.346243
408.913764
442.567912
441.96274
435.015839
451.812573
441.817992
486.202917
568.569717
424.784457
442.031026
423.306582
441.258046
444.097291
445.526337
428.181998
504.285174
556.089378
421.330761
448.078292
452.537314
442.881025
438.764019
