116.46005
98.086247
95.014202
105.265359
102.904922
96.719899
88.854541
87.808545
108.978492
95.030089
102.024753
93.033401
121.233309
93.333027
107.498168
115.835615
99.316566
112.974437
95.65964
119.794686
87.594529
91.744348
92.38049
108.787728
95.989363
115.666411
93.064065
96.921901
85.82822
90.691756
130.300852
106.103781
91.794869
105.015388
86.80019
97.890016
96.908097
94.042158
89.153623
89.492663
117.041523
90.317712
102.239996
92.666166
119.050049
89.178689
97.997101
103.502689
98.842859
87.100326
98.761634
100.838193
120.82287
95.009514
106.507682
113.091108
113.77933
112.422567
109.209834
106.150431
120.766141
107.38152
102.56463
96.080957
118.914728
97.919637
106.92105
108.020536
115.274011
105.553949
103.154633
98.37996
112.108042
97.451424
94.162726
96.452333
110.6352
91.049342
97.429879
97.344681
112.171753
88.847269
114.723334
106.110425
93.513085
112.311569
105.358298
97.612299
104.426526
115.772816
95.192867
102.940591
105.320233
115.874541
104.653335
109.495482
103.545223
118.75844
107.164118
106.08994
